Iteration:  0
[0, 0, 0, 0]
[0, 0, 0, 0]
[0, 0, 0, 2]
[0, 0, 0, 2]

Iteration:  1
[4, 0, 0, 0]
[0, 0, 0, 0]
[0, 0, 0, 0]
[0, 0, 0, 4]

Iteration:  2
[0, 0, 0, 0]
[4, 0, 0, 0]
[0, 0, 0, 0]
[4, 0, 0, 4]

Iteration:  3
[8, 0, 0, 4]
[0, 0, 0, 0]
[0, 0, 0, 2]
[0, 0, 0, 0]

Iteration:  4
[0, 0, 8, 4]
[0, 0, 0, 2]
[0, 0, 0, 2]
[0, 0, 0, 0]

Iteration:  5
[0, 0, 4, 0]
[0, 0, 0, 0]
[0, 0, 0, 0]
[0, 0, 8, 8]

Iteration:  6
[0, 0, 0, 4]
[0, 0, 0, 4]
[0, 0, 0, 0]
[0, 0, 0, 16]

Iteration:  7
[0, 0, 0, 8]
[0, 0, 0, 16]
[2, 0, 0, 0]
[0, 0, 0, 0]

Iteration:  8
[0, 0, 0, 0]
[0, 0, 0, 4]
[0, 0, 0, 8]
[2, 0, 0, 16]

Iteration:  9
[0, 2, 0, 0]
[4, 0, 0, 0]
[8, 0, 0, 0]
[2, 16, 0, 0]

Iteration:  10
[2, 0, 0, 0]
[4, 0, 0, 2]
[8, 0, 0, 0]
[2, 16, 0, 0]

Iteration:  11
[2, 0, 0, 0]
[4, 0, 0, 0]
[8, 0, 2, 0]
[2, 16, 0, 2]

Iteration:  12
[2, 16, 2, 2]
[4, 0, 0, 0]
[8, 0, 0, 2]
[2, 0, 0, 0]

Iteration:  13
[2, 0, 0, 0]
[4, 0, 0, 0]
[8, 4, 0, 0]
[2, 16, 2, 4]

Iteration:  14
[0, 4, 0, 2]
[0, 0, 0, 4]
[0, 0, 8, 4]
[2, 16, 2, 4]

Iteration:  15
[2, 4, 8, 2]
[0, 16, 2, 8]
[0, 0, 2, 4]
[0, 0, 0, 0]

Iteration:  16
[2, 4, 8, 2]
[0, 16, 4, 8]
[0, 4, 0, 4]
[0, 0, 0, 0]

Iteration:  17
[0, 0, 4, 0]
[0, 4, 0, 2]
[0, 16, 8, 8]
[2, 4, 4, 4]

Iteration:  18
[0, 0, 0, 2]
[0, 4, 4, 2]
[0, 16, 8, 8]
[2, 4, 4, 4]

Iteration:  19
[0, 0, 0, 0]
[2, 4, 4, 4]
[0, 16, 8, 8]
[2, 4, 4, 4]

Iteration:  20
[4, 4, 4, 4]
[0, 16, 8, 8]
[0, 4, 4, 4]
[0, 0, 2, 0]

Iteration:  21
[0, 0, 8, 8]
[0, 0, 0, 32]
[0, 0, 4, 8]
[4, 0, 0, 2]

Iteration:  22
[0, 0, 4, 16]
[0, 0, 0, 32]
[0, 0, 4, 8]
[0, 0, 4, 2]

Iteration:  23
[0, 0, 8, 16]
[0, 0, 4, 32]
[0, 0, 0, 8]
[0, 0, 4, 2]

Iteration:  24
[0, 2, 8, 16]
[0, 0, 8, 32]
[0, 0, 0, 8]
[0, 0, 0, 2]

Iteration:  25
[0, 2, 16, 16]
[0, 0, 0, 32]
[0, 0, 0, 8]
[0, 2, 0, 2]

Iteration:  26
[2, 0, 0, 16]
[0, 0, 0, 32]
[0, 0, 0, 8]
[0, 4, 16, 2]

Iteration:  27
[2, 4, 16, 16]
[0, 0, 0, 32]
[0, 2, 0, 8]
[0, 0, 0, 2]

Iteration:  28
[2, 4, 32, 0]
[32, 0, 0, 0]
[2, 8, 0, 0]
[2, 0, 0, 2]

Iteration:  29
[0, 2, 4, 32]
[0, 0, 4, 32]
[0, 0, 2, 8]
[0, 0, 0, 4]

Iteration:  30
[0, 2, 8, 64]
[0, 0, 2, 8]
[0, 4, 0, 4]
[0, 0, 0, 0]

Iteration:  31
[2, 8, 64, 0]
[2, 8, 0, 0]
[8, 0, 0, 2]
[0, 0, 0, 0]

Iteration:  32
[2, 8, 64, 4]
[2, 8, 0, 0]
[8, 2, 0, 0]
[0, 0, 0, 0]

Iteration:  33
[4, 16, 64, 4]
[8, 2, 0, 0]
[0, 0, 0, 0]
[0, 0, 4, 0]

Iteration:  34
[4, 16, 64, 4]
[0, 0, 8, 2]
[0, 0, 0, 2]
[0, 0, 0, 4]

Iteration:  35
[0, 0, 0, 0]
[0, 0, 0, 2]
[0, 0, 64, 8]
[4, 16, 8, 4]

Iteration:  36
[0, 0, 0, 0]
[2, 0, 0, 2]
[64, 8, 0, 0]
[4, 16, 8, 4]

Iteration:  37
[0, 0, 0, 0]
[2, 0, 4, 0]
[64, 8, 0, 2]
[4, 16, 8, 4]

Iteration:  38
[2, 0, 0, 0]
[2, 4, 0, 0]
[64, 8, 2, 0]
[4, 16, 8, 4]

Iteration:  39
[4, 4, 2, 4]
[64, 8, 8, 0]
[4, 16, 0, 0]
[2, 0, 0, 0]

Iteration:  40
[0, 8, 2, 4]
[0, 0, 64, 16]
[0, 0, 4, 16]
[4, 0, 0, 2]

Iteration:  41
[0, 0, 0, 0]
[0, 2, 2, 4]
[0, 0, 64, 32]
[4, 8, 4, 2]

Iteration:  42
[4, 0, 0, 0]
[0, 0, 2, 4]
[0, 2, 64, 32]
[4, 8, 4, 2]

Iteration:  43
[8, 2, 2, 4]
[2, 8, 64, 32]
[0, 0, 4, 2]
[0, 0, 0, 0]

Iteration:  44
[8, 8, 0, 0]
[2, 8, 64, 32]
[4, 2, 0, 4]
[0, 0, 0, 0]

Iteration:  45
[0, 2, 0, 0]
[8, 0, 0, 0]
[2, 16, 0, 32]
[4, 2, 64, 4]

Iteration:  46
[8, 2, 64, 32]
[2, 16, 0, 4]
[4, 2, 0, 0]
[4, 0, 0, 0]

Iteration:  47
[8, 2, 64, 32]
[2, 16, 0, 4]
[8, 2, 2, 0]
[0, 0, 0, 0]

Iteration:  48
[8, 2, 64, 32]
[2, 16, 4, 2]
[8, 4, 0, 0]
[0, 0, 0, 0]

Iteration:  49
[0, 0, 0, 0]
[8, 2, 2, 0]
[2, 16, 64, 32]
[8, 4, 4, 2]

Iteration:  50
[0, 0, 0, 0]
[0, 0, 8, 4]
[2, 16, 64, 32]
[0, 4, 16, 2]

Iteration:  51
[0, 0, 0, 0]
[8, 4, 0, 4]
[2, 16, 64, 32]
[4, 16, 2, 0]

Iteration:  52
[0, 0, 0, 0]
[8, 8, 0, 4]
[2, 16, 64, 32]
[4, 16, 2, 0]

Iteration:  53
[0, 0, 0, 2]
[0, 0, 16, 4]
[2, 16, 64, 32]
[0, 4, 16, 2]

Iteration:  54
[0, 0, 0, 2]
[0, 2, 16, 4]
[0, 16, 64, 32]
[2, 4, 16, 2]

Iteration:  55
[2, 0, 0, 4]
[2, 16, 4, 0]
[16, 64, 32, 0]
[2, 4, 16, 2]

Iteration:  56
[2, 4, 0, 0]
[2, 16, 4, 4]
[16, 64, 32, 0]
[2, 4, 16, 2]

Iteration:  57
[4, 4, 4, 4]
[16, 16, 32, 2]
[2, 64, 16, 2]
[0, 4, 0, 0]

Iteration:  58
[8, 8, 0, 4]
[64, 2, 0, 0]
[2, 64, 16, 2]
[4, 0, 0, 0]

Iteration:  59
[16, 4, 0, 4]
[64, 2, 0, 0]
[2, 64, 16, 2]
[4, 0, 0, 0]

Iteration:  60
[0, 4, 16, 8]
[0, 0, 64, 2]
[2, 64, 16, 2]
[0, 0, 0, 4]

Iteration:  61
[2, 4, 16, 8]
[0, 64, 64, 8]
[0, 0, 16, 0]
[4, 0, 0, 0]

Iteration:  62
[2, 4, 16, 8]
[128, 8, 2, 0]
[16, 0, 0, 0]
[4, 0, 0, 0]

Iteration:  63
[2, 0, 0, 2]
[128, 0, 0, 0]
[16, 4, 16, 0]
[4, 8, 2, 8]

Iteration:  64
[4, 0, 0, 0]
[128, 0, 2, 0]
[16, 4, 16, 0]
[4, 8, 2, 8]

Iteration:  65
[4, 4, 2, 8]
[128, 8, 16, 4]
[16, 0, 2, 0]
[4, 0, 0, 0]

Iteration:  66
[8, 2, 8, 0]
[128, 8, 16, 4]
[16, 2, 0, 2]
[4, 0, 0, 0]

Iteration:  67
[0, 8, 2, 8]
[128, 8, 16, 4]
[0, 4, 16, 4]
[0, 0, 0, 4]

Iteration:  68
[128, 16, 2, 8]
[0, 4, 32, 8]
[0, 0, 2, 4]
[0, 0, 0, 0]

Iteration:  69
[0, 0, 4, 0]
[0, 0, 2, 0]
[0, 16, 32, 16]
[128, 4, 2, 4]

Iteration:  70
[0, 0, 0, 4]
[4, 0, 0, 2]
[0, 16, 32, 16]
[128, 4, 2, 4]

Iteration:  71
[0, 0, 0, 4]
[0, 0, 2, 2]
[4, 16, 32, 16]
[128, 4, 2, 4]

Iteration:  72
[4, 0, 0, 0]
[4, 0, 4, 0]
[4, 16, 32, 16]
[128, 4, 2, 4]

Iteration:  73
[4, 0, 0, 0]
[8, 0, 0, 4]
[4, 16, 32, 16]
[128, 4, 2, 4]

Iteration:  74
[4, 0, 0, 2]
[8, 4, 0, 0]
[4, 16, 32, 16]
[128, 4, 2, 4]

Iteration:  75
[4, 4, 32, 2]
[8, 16, 2, 16]
[4, 4, 4, 4]
[128, 0, 0, 0]

Iteration:  76
[0, 8, 32, 2]
[8, 16, 2, 16]
[0, 0, 8, 8]
[4, 0, 0, 128]

Iteration:  77
[8, 32, 2, 0]
[8, 16, 2, 16]
[16, 0, 2, 0]
[4, 128, 0, 0]

Iteration:  78
[8, 32, 2, 0]
[8, 16, 2, 16]
[16, 2, 2, 0]
[4, 128, 0, 0]

Iteration:  79
[0, 32, 2, 0]
[16, 16, 0, 0]
[16, 2, 2, 0]
[4, 128, 4, 16]

Iteration:  80
[32, 2, 0, 0]
[32, 4, 0, 0]
[16, 4, 0, 0]
[4, 128, 4, 16]

Iteration:  81
[0, 0, 32, 2]
[0, 0, 32, 4]
[2, 0, 16, 4]
[4, 128, 4, 16]

Iteration:  82
[0, 0, 32, 2]
[2, 0, 32, 4]
[0, 2, 16, 4]
[4, 128, 4, 16]

Iteration:  83
[2, 2, 64, 2]
[4, 128, 16, 8]
[0, 2, 4, 16]
[0, 0, 0, 0]

Iteration:  84
[4, 64, 2, 0]
[4, 128, 16, 8]
[2, 4, 16, 0]
[0, 0, 0, 4]

Iteration:  85
[0, 4, 64, 2]
[4, 128, 16, 8]
[0, 2, 4, 16]
[0, 0, 2, 4]

Iteration:  86
[0, 0, 64, 2]
[4, 4, 16, 8]
[0, 128, 4, 16]
[4, 2, 2, 4]

Iteration:  87
[0, 0, 64, 2]
[0, 8, 16, 8]
[2, 128, 4, 16]
[0, 0, 8, 4]

Iteration:  88
[2, 0, 64, 2]
[0, 0, 16, 8]
[0, 8, 4, 16]
[2, 128, 8, 4]

Iteration:  89
[4, 8, 64, 2]
[0, 128, 16, 8]
[0, 0, 4, 16]
[0, 2, 8, 4]

Iteration:  90
[4, 8, 64, 2]
[128, 16, 8, 0]
[4, 16, 4, 0]
[2, 8, 4, 0]

Iteration:  91
[4, 8, 64, 2]
[4, 128, 16, 8]
[0, 4, 16, 4]
[0, 2, 8, 4]

Iteration:  92
[8, 8, 64, 2]
[0, 128, 32, 8]
[0, 4, 8, 8]
[0, 2, 2, 0]

Iteration:  93
[16, 64, 2, 0]
[128, 32, 8, 0]
[4, 16, 0, 0]
[4, 0, 0, 2]

Iteration:  94
[4, 0, 0, 0]
[16, 64, 0, 0]
[128, 32, 2, 0]
[8, 16, 8, 2]

Iteration:  95
[4, 64, 2, 2]
[16, 32, 8, 0]
[128, 16, 0, 4]
[8, 0, 0, 0]

Iteration:  96
[0, 4, 64, 4]
[4, 16, 32, 8]
[0, 128, 16, 4]
[0, 0, 0, 8]

Iteration:  97
[4, 64, 4, 0]
[4, 16, 32, 8]
[128, 16, 4, 2]
[8, 0, 0, 0]

Iteration:  98
[8, 64, 4, 8]
[128, 32, 32, 2]
[8, 0, 4, 0]
[2, 0, 0, 0]

Iteration:  99
[8, 64, 4, 8]
[128, 64, 2, 0]
[8, 4, 0, 0]
[2, 2, 0, 0]

Iteration:  100
[8, 128, 4, 8]
[128, 4, 2, 2]
[8, 2, 0, 0]
[2, 0, 0, 0]

Iteration:  101
[8, 4, 0, 0]
[128, 128, 0, 0]
[8, 4, 4, 8]
[2, 2, 2, 2]

Iteration:  102
[8, 4, 4, 8]
[128, 128, 2, 2]
[8, 4, 0, 0]
[2, 2, 4, 0]

Iteration:  103
[8, 16, 0, 0]
[256, 4, 0, 2]
[8, 4, 0, 0]
[8, 0, 0, 0]

Iteration:  104
[8, 16, 0, 2]
[256, 8, 0, 0]
[16, 0, 2, 0]
[0, 0, 0, 0]

Iteration:  105
[0, 0, 0, 0]
[8, 0, 0, 0]
[256, 16, 2, 0]
[16, 8, 2, 2]

Iteration:  106
[0, 0, 2, 0]
[8, 0, 0, 0]
[256, 16, 0, 0]
[16, 8, 4, 2]

Iteration:  107
[2, 4, 0, 0]
[8, 0, 0, 0]
[256, 16, 0, 0]
[16, 8, 4, 2]

Iteration:  108
[2, 4, 4, 2]
[8, 16, 2, 0]
[256, 8, 0, 0]
[16, 0, 0, 0]

Iteration:  109
[2, 8, 2, 2]
[8, 16, 2, 0]
[256, 8, 0, 0]
[16, 0, 0, 0]

Iteration:  110
[2, 0, 0, 0]
[8, 8, 0, 4]
[256, 16, 0, 0]
[16, 8, 4, 2]

Iteration:  111
[2, 0, 0, 4]
[8, 8, 0, 0]
[256, 16, 0, 4]
[16, 8, 4, 2]

Iteration:  112
[2, 0, 0, 0]
[8, 8, 0, 4]
[256, 16, 0, 8]
[16, 8, 4, 2]

Iteration:  113
[2, 8, 4, 4]
[8, 16, 0, 8]
[256, 8, 0, 2]
[16, 0, 4, 0]

Iteration:  114
[2, 2, 0, 0]
[8, 8, 0, 4]
[256, 16, 0, 8]
[16, 8, 8, 2]

Iteration:  115
[0, 0, 0, 4]
[0, 4, 16, 4]
[0, 256, 16, 8]
[0, 0, 32, 2]

Iteration:  116
[0, 4, 64, 16]
[0, 256, 0, 2]
[0, 4, 0, 0]
[0, 0, 0, 0]

Iteration:  117
[0, 0, 4, 0]
[0, 4, 0, 0]
[0, 256, 0, 16]
[0, 4, 64, 2]

Iteration:  118
[0, 0, 0, 4]
[0, 0, 0, 4]
[2, 0, 256, 16]
[0, 4, 64, 2]

Iteration:  119
[2, 4, 256, 8]
[0, 0, 64, 16]
[0, 4, 0, 2]
[0, 0, 0, 0]

Iteration:  120
[2, 8, 256, 8]
[0, 4, 64, 16]
[0, 0, 0, 2]
[0, 0, 0, 0]

Iteration:  121
[4, 0, 0, 0]
[0, 0, 0, 8]
[0, 8, 256, 16]
[2, 4, 64, 2]

Iteration:  122
[4, 8, 256, 8]
[2, 4, 64, 16]
[0, 4, 0, 2]
[0, 0, 0, 0]

Iteration:  123
[4, 8, 256, 8]
[2, 4, 64, 16]
[0, 0, 4, 2]
[0, 4, 0, 0]

Iteration:  124
[0, 0, 0, 0]
[0, 0, 256, 8]
[4, 4, 64, 16]
[2, 16, 4, 2]

Iteration:  125
[0, 0, 0, 0]
[256, 8, 0, 0]
[8, 64, 16, 4]
[2, 16, 4, 2]

Iteration:  126
[256, 8, 16, 4]
[8, 64, 4, 2]
[2, 16, 0, 0]
[0, 0, 0, 2]

Iteration:  127
[256, 8, 16, 4]
[8, 64, 4, 4]
[2, 16, 0, 4]
[0, 0, 0, 0]

Iteration:  128
[256, 8, 16, 8]
[8, 64, 4, 4]
[2, 16, 0, 0]
[0, 0, 0, 2]

Iteration:  129
[256, 8, 16, 8]
[0, 8, 64, 8]
[2, 0, 2, 16]
[0, 0, 0, 2]

Iteration:  130
[256, 16, 16, 32]
[2, 0, 64, 2]
[0, 0, 2, 0]
[0, 0, 2, 0]

Iteration:  131
[256, 64, 2, 0]
[2, 64, 2, 0]
[2, 0, 0, 0]
[2, 0, 0, 0]

Iteration:  132
[256, 128, 4, 4]
[4, 0, 0, 0]
[2, 0, 0, 0]
[0, 0, 0, 0]

Iteration:  133
[0, 0, 0, 0]
[256, 0, 0, 0]
[4, 0, 0, 4]
[2, 128, 4, 4]

Iteration:  134
[256, 128, 4, 8]
[4, 0, 0, 0]
[2, 0, 0, 0]
[0, 2, 0, 0]

Iteration:  135
[256, 128, 4, 8]
[4, 0, 0, 0]
[2, 2, 0, 0]
[2, 0, 0, 0]

Iteration:  136
[0, 0, 0, 0]
[2, 0, 0, 0]
[256, 128, 0, 0]
[8, 2, 4, 8]

Iteration:  137
[0, 0, 0, 0]
[0, 0, 0, 2]
[0, 4, 256, 128]
[8, 2, 4, 8]

Iteration:  138
[2, 0, 0, 0]
[2, 0, 0, 0]
[4, 256, 128, 0]
[8, 2, 4, 8]

Iteration:  139
[0, 0, 0, 2]
[2, 0, 0, 2]
[0, 4, 256, 128]
[8, 2, 4, 8]

Iteration:  140
[2, 4, 256, 4]
[8, 2, 4, 128]
[0, 0, 0, 8]
[0, 0, 0, 4]

Iteration:  141
[2, 4, 256, 4]
[8, 2, 4, 128]
[8, 0, 0, 0]
[4, 4, 0, 0]

Iteration:  142
[2, 4, 256, 4]
[8, 2, 4, 128]
[0, 4, 0, 8]
[0, 0, 0, 8]

Iteration:  143
[2, 4, 256, 4]
[8, 2, 4, 128]
[0, 4, 0, 16]
[2, 0, 0, 0]

Iteration:  144
[2, 4, 256, 4]
[8, 2, 4, 128]
[4, 16, 0, 2]
[2, 0, 0, 0]

Iteration:  145
[2, 4, 256, 4]
[8, 2, 4, 128]
[4, 4, 16, 2]
[0, 0, 0, 2]

Iteration:  146
[2, 4, 256, 4]
[8, 2, 4, 128]
[4, 4, 16, 4]
[0, 0, 4, 0]

Iteration:  147
[0, 0, 256, 4]
[2, 4, 4, 4]
[8, 2, 16, 128]
[4, 4, 4, 4]

Iteration:  148
[0, 0, 256, 4]
[0, 2, 4, 8]
[8, 2, 16, 128]
[0, 4, 8, 8]

Iteration:  149
[0, 0, 256, 4]
[0, 2, 4, 8]
[8, 2, 16, 128]
[0, 4, 4, 16]

Iteration:  150
[256, 4, 0, 0]
[2, 4, 8, 0]
[8, 2, 16, 128]
[8, 16, 4, 0]

Iteration:  151
[256, 8, 8, 128]
[2, 2, 16, 0]
[16, 16, 4, 4]
[0, 0, 0, 0]

Iteration:  152
[256, 8, 8, 128]
[2, 2, 16, 4]
[16, 16, 4, 0]
[0, 0, 4, 0]

Iteration:  153
[0, 256, 16, 128]
[2, 4, 16, 4]
[0, 0, 32, 4]
[0, 0, 0, 4]

Iteration:  154
[0, 4, 0, 0]
[0, 0, 0, 128]
[0, 256, 32, 4]
[2, 4, 32, 8]

Iteration:  155
[2, 4, 64, 128]
[0, 256, 4, 4]
[0, 4, 0, 8]
[0, 0, 0, 0]

Iteration:  156
[2, 4, 64, 128]
[256, 8, 0, 0]
[4, 8, 0, 0]
[0, 0, 0, 4]

Iteration:  157
[2, 4, 64, 128]
[0, 0, 256, 8]
[0, 0, 4, 8]
[2, 0, 0, 4]

Iteration:  158
[2, 4, 64, 128]
[256, 8, 0, 0]
[4, 8, 0, 0]
[2, 4, 4, 0]

Iteration:  159
[2, 4, 64, 128]
[2, 0, 256, 8]
[0, 0, 4, 8]
[0, 0, 2, 8]

Iteration:  160
[4, 4, 64, 128]
[0, 2, 256, 16]
[0, 0, 4, 8]
[0, 0, 2, 0]

Iteration:  161
[0, 8, 64, 128]
[0, 2, 256, 16]
[0, 4, 4, 8]
[0, 0, 0, 2]

Iteration:  162
[0, 8, 64, 128]
[0, 2, 256, 16]
[0, 0, 8, 8]
[4, 0, 0, 2]

Iteration:  163
[0, 8, 64, 128]
[0, 2, 256, 16]
[0, 0, 0, 16]
[0, 4, 4, 2]

Iteration:  164
[0, 8, 64, 128]
[0, 2, 256, 16]
[0, 0, 4, 16]
[0, 0, 8, 2]

Iteration:  165
[0, 8, 64, 128]
[4, 2, 256, 32]
[0, 0, 4, 2]
[0, 0, 8, 0]

Iteration:  166
[0, 0, 64, 4]
[0, 0, 256, 128]
[0, 8, 4, 32]
[4, 2, 8, 2]

Iteration:  167
[64, 4, 0, 4]
[256, 128, 0, 0]
[8, 4, 32, 0]
[4, 2, 8, 2]

Iteration:  168
[64, 4, 32, 4]
[256, 128, 8, 2]
[8, 4, 0, 4]
[4, 2, 0, 0]

Iteration:  169
[64, 4, 32, 4]
[256, 128, 8, 2]
[8, 8, 4, 0]
[4, 2, 0, 0]

Iteration:  170
[64, 4, 0, 4]
[256, 128, 32, 0]
[8, 8, 8, 4]
[4, 2, 4, 2]

Iteration:  171
[64, 4, 4, 0]
[256, 128, 32, 0]
[8, 8, 8, 8]
[4, 2, 4, 2]

Iteration:  172
[0, 0, 64, 8]
[2, 256, 128, 32]
[0, 0, 16, 16]
[4, 2, 4, 2]

Iteration:  173
[0, 4, 64, 8]
[2, 256, 128, 32]
[0, 0, 0, 32]
[4, 2, 4, 2]

Iteration:  174
[2, 4, 64, 8]
[4, 256, 128, 64]
[2, 2, 4, 2]
[0, 0, 0, 0]

Iteration:  175
[2, 4, 64, 8]
[4, 256, 128, 64]
[0, 4, 4, 2]
[0, 2, 0, 0]

Iteration:  176
[2, 4, 64, 8]
[4, 256, 128, 64]
[8, 2, 0, 4]
[2, 0, 0, 0]

Iteration:  177
[2, 0, 0, 0]
[4, 4, 4, 8]
[8, 256, 64, 64]
[2, 2, 128, 4]

Iteration:  178
[0, 0, 0, 2]
[0, 4, 8, 8]
[4, 8, 256, 128]
[0, 4, 128, 4]

Iteration:  179
[4, 4, 8, 2]
[0, 8, 256, 8]
[0, 4, 128, 128]
[0, 4, 0, 4]

Iteration:  180
[16, 2, 0, 0]
[8, 256, 8, 0]
[4, 256, 0, 0]
[8, 0, 4, 0]

Iteration:  181
[16, 2, 0, 0]
[8, 256, 8, 0]
[4, 256, 0, 0]
[8, 4, 0, 4]

Iteration:  182
[16, 0, 4, 0]
[8, 2, 0, 0]
[4, 512, 0, 0]
[8, 4, 8, 4]

Iteration:  183
[4, 0, 16, 4]
[0, 0, 8, 2]
[0, 0, 4, 512]
[8, 4, 8, 4]

Iteration:  184
[4, 4, 16, 4]
[8, 0, 8, 2]
[0, 0, 4, 512]
[2, 0, 8, 4]

Iteration:  185
[0, 0, 16, 4]
[4, 0, 8, 2]
[8, 2, 4, 512]
[2, 4, 8, 4]

Iteration:  186
[0, 0, 16, 4]
[4, 4, 8, 2]
[8, 2, 4, 512]
[2, 4, 8, 4]

Iteration:  187
[16, 4, 4, 0]
[16, 2, 0, 0]
[8, 2, 4, 512]
[2, 4, 8, 4]

Iteration:  188
[32, 4, 16, 512]
[8, 8, 0, 4]
[2, 0, 0, 0]
[0, 4, 0, 0]

Iteration:  189
[32, 4, 16, 512]
[8, 8, 0, 4]
[2, 4, 0, 0]
[2, 0, 0, 0]

Iteration:  190
[32, 4, 16, 512]
[2, 0, 16, 4]
[0, 0, 2, 4]
[0, 0, 0, 2]

Iteration:  191
[4, 0, 0, 0]
[0, 0, 0, 512]
[32, 0, 32, 8]
[2, 4, 2, 2]

Iteration:  192
[0, 0, 0, 4]
[4, 0, 0, 512]
[32, 0, 32, 8]
[2, 4, 2, 2]

Iteration:  193
[4, 4, 0, 0]
[4, 512, 0, 0]
[64, 8, 0, 0]
[2, 4, 4, 0]

Iteration:  194
[8, 4, 4, 0]
[64, 512, 4, 0]
[2, 8, 0, 0]
[0, 4, 0, 0]

Iteration:  195
[0, 4, 0, 0]
[8, 512, 4, 0]
[64, 8, 0, 0]
[2, 4, 8, 0]

Iteration:  196
[4, 2, 0, 0]
[8, 512, 4, 0]
[64, 8, 0, 0]
[2, 4, 8, 0]

Iteration:  197
[0, 0, 4, 2]
[0, 8, 512, 4]
[4, 0, 64, 8]
[0, 2, 4, 8]

Iteration:  198
[0, 0, 4, 2]
[0, 8, 512, 4]
[0, 4, 64, 8]
[2, 2, 4, 8]

Iteration:  199
[2, 8, 4, 2]
[2, 4, 512, 4]
[0, 2, 64, 16]
[0, 0, 4, 0]

Iteration:  200
[2, 8, 4, 2]
[2, 4, 512, 4]
[0, 2, 64, 16]
[0, 2, 0, 4]

Iteration:  201
[0, 0, 0, 2]
[0, 0, 4, 4]
[0, 2, 512, 16]
[4, 16, 64, 4]

Iteration:  202
[0, 0, 0, 2]
[4, 0, 0, 8]
[0, 2, 512, 16]
[4, 16, 64, 4]

Iteration:  203
[0, 0, 0, 2]
[2, 0, 0, 8]
[0, 2, 512, 16]
[8, 16, 64, 4]

Iteration:  204
[0, 0, 0, 2]
[4, 0, 2, 8]
[0, 2, 512, 16]
[8, 16, 64, 4]

Iteration:  205
[4, 2, 2, 2]
[8, 16, 512, 8]
[2, 0, 64, 16]
[0, 0, 0, 4]

Iteration:  206
[0, 0, 4, 2]
[4, 0, 2, 8]
[8, 2, 512, 16]
[2, 16, 64, 4]

Iteration:  207
[4, 0, 4, 2]
[0, 4, 2, 8]
[8, 2, 512, 16]
[2, 16, 64, 4]

Iteration:  208
[4, 0, 8, 2]
[0, 4, 2, 8]
[8, 2, 512, 16]
[2, 16, 64, 4]

Iteration:  209
[4, 8, 2, 0]
[4, 2, 8, 4]
[8, 2, 512, 16]
[2, 16, 64, 4]

Iteration:  210
[2, 4, 8, 2]
[4, 2, 8, 4]
[8, 2, 512, 16]
[2, 16, 64, 4]

Iteration:  211
[2, 0, 4, 2]
[4, 0, 16, 4]
[8, 8, 512, 16]
[2, 16, 64, 4]

Iteration:  212
[0, 2, 4, 2]
[2, 4, 16, 4]
[0, 16, 512, 16]
[2, 16, 64, 4]

Iteration:  213
[2, 4, 2, 0]
[2, 4, 16, 4]
[16, 512, 16, 2]
[2, 16, 64, 4]

Iteration:  214
[0, 2, 0, 0]
[4, 8, 2, 4]
[16, 512, 32, 2]
[2, 16, 64, 4]

Iteration:  215
[4, 2, 2, 4]
[16, 8, 32, 2]
[2, 512, 64, 4]
[4, 16, 0, 0]

Iteration:  216
[4, 8, 0, 0]
[16, 8, 32, 2]
[2, 512, 64, 4]
[4, 16, 4, 0]

Iteration:  217
[4, 4, 0, 0]
[16, 16, 32, 0]
[2, 512, 64, 2]
[4, 16, 4, 4]

Iteration:  218
[0, 0, 0, 8]
[0, 4, 32, 32]
[2, 512, 64, 2]
[0, 4, 16, 8]

Iteration:  219
[0, 0, 0, 8]
[0, 0, 4, 64]
[2, 512, 64, 2]
[2, 4, 16, 8]

Iteration:  220
[4, 512, 4, 8]
[0, 4, 64, 64]
[0, 0, 16, 2]
[2, 0, 0, 8]

Iteration:  221
[4, 512, 4, 8]
[4, 128, 0, 0]
[16, 2, 4, 0]
[2, 8, 0, 0]

Iteration:  222
[0, 512, 0, 0]
[8, 128, 0, 0]
[16, 2, 0, 4]
[2, 8, 8, 8]

Iteration:  223
[512, 0, 2, 0]
[8, 128, 0, 0]
[16, 2, 4, 0]
[2, 16, 8, 0]

Iteration:  224
[512, 128, 2, 0]
[8, 2, 4, 2]
[16, 16, 8, 0]
[2, 0, 0, 0]

Iteration:  225
[512, 0, 0, 0]
[8, 128, 2, 2]
[16, 2, 4, 0]
[2, 16, 8, 2]

Iteration:  226
[512, 128, 2, 4]
[8, 2, 4, 0]
[16, 16, 8, 0]
[2, 2, 0, 0]

Iteration:  227
[512, 128, 0, 0]
[8, 2, 2, 0]
[16, 16, 4, 4]
[2, 2, 8, 4]

Iteration:  228
[0, 0, 512, 128]
[0, 0, 8, 4]
[0, 0, 32, 8]
[4, 4, 8, 4]

Iteration:  229
[512, 128, 0, 4]
[8, 4, 0, 0]
[32, 8, 0, 0]
[16, 4, 0, 0]

Iteration:  230
[512, 128, 0, 0]
[8, 4, 0, 0]
[32, 8, 0, 2]
[16, 4, 0, 4]

Iteration:  231
[512, 128, 0, 0]
[8, 4, 0, 4]
[32, 8, 2, 0]
[16, 8, 0, 0]

Iteration:  232
[512, 128, 2, 4]
[8, 4, 0, 0]
[32, 16, 2, 0]
[16, 0, 0, 0]

Iteration:  233
[512, 0, 0, 0]
[8, 128, 2, 0]
[32, 4, 0, 0]
[16, 16, 4, 4]

Iteration:  234
[512, 0, 0, 0]
[8, 128, 2, 4]
[32, 4, 0, 0]
[32, 8, 0, 0]

Iteration:  235
[512, 128, 2, 4]
[8, 4, 0, 0]
[64, 8, 0, 2]
[0, 0, 0, 0]

Iteration:  236
[512, 128, 2, 4]
[8, 4, 0, 2]
[64, 8, 0, 0]
[2, 0, 0, 0]

Iteration:  237
[512, 128, 2, 4]
[8, 4, 2, 0]
[64, 8, 2, 0]
[2, 0, 0, 0]

Iteration:  238
[512, 128, 4, 4]
[8, 4, 2, 0]
[64, 8, 0, 0]
[2, 0, 0, 4]

Iteration:  239
[512, 128, 8, 4]
[8, 4, 2, 0]
[64, 8, 0, 0]
[2, 4, 0, 0]

Iteration:  240
[512, 128, 0, 0]
[8, 4, 4, 0]
[64, 8, 8, 0]
[2, 4, 2, 4]

Iteration:  241
[512, 128, 0, 0]
[8, 8, 0, 0]
[64, 16, 4, 0]
[2, 4, 2, 4]

Iteration:  242
[512, 128, 4, 4]
[8, 8, 2, 0]
[64, 16, 0, 4]
[2, 4, 0, 0]

Iteration:  243
[0, 512, 128, 8]
[0, 0, 16, 2]
[0, 64, 16, 4]
[0, 4, 2, 4]

Iteration:  244
[512, 128, 8, 0]
[16, 2, 0, 4]
[64, 16, 4, 0]
[4, 2, 4, 0]

Iteration:  245
[512, 128, 0, 0]
[16, 2, 0, 2]
[64, 16, 0, 0]
[4, 2, 16, 4]

Iteration:  246
[512, 128, 0, 2]
[16, 2, 0, 0]
[64, 16, 0, 2]
[4, 2, 16, 4]

Iteration:  247
[512, 128, 16, 8]
[16, 2, 0, 0]
[64, 16, 0, 0]
[4, 2, 0, 2]

Iteration:  248
[512, 128, 16, 8]
[16, 2, 4, 2]
[64, 16, 0, 0]
[4, 2, 0, 0]

Iteration:  249
[512, 128, 0, 0]
[16, 2, 4, 0]
[64, 16, 16, 8]
[4, 2, 4, 2]

Iteration:  250
[512, 128, 0, 0]
[16, 2, 4, 0]
[64, 32, 8, 4]
[4, 2, 4, 2]

Iteration:  251
[512, 128, 4, 4]
[16, 2, 8, 2]
[64, 32, 4, 0]
[4, 2, 4, 0]

Iteration:  252
[512, 128, 8, 0]
[16, 2, 8, 2]
[64, 32, 4, 0]
[4, 2, 4, 2]

Iteration:  253
[512, 128, 16, 4]
[16, 2, 8, 0]
[64, 32, 0, 0]
[4, 2, 2, 0]

Iteration:  254
[512, 128, 16, 4]
[16, 2, 8, 4]
[64, 32, 2, 0]
[4, 2, 0, 0]

Iteration:  255
[512, 128, 0, 4]
[16, 2, 16, 0]
[64, 32, 8, 0]
[4, 2, 2, 8]

Iteration:  256
[512, 128, 4, 4]
[16, 2, 16, 0]
[64, 32, 8, 0]
[4, 4, 8, 0]

Iteration:  257
[512, 128, 4, 4]
[16, 2, 16, 0]
[64, 32, 16, 0]
[4, 4, 4, 0]

Iteration:  258
[512, 128, 0, 0]
[16, 2, 4, 4]
[64, 32, 32, 0]
[4, 4, 4, 4]

Iteration:  259
[512, 128, 0, 0]
[16, 2, 8, 0]
[64, 64, 0, 4]
[8, 8, 0, 0]

Iteration:  260
[512, 128, 0, 0]
[16, 2, 4, 0]
[64, 64, 0, 0]
[8, 8, 8, 4]

Iteration:  261
[512, 128, 4, 4]
[16, 2, 8, 0]
[64, 64, 4, 0]
[8, 8, 0, 0]

Iteration:  262
[512, 128, 8, 0]
[16, 2, 8, 0]
[128, 4, 2, 0]
[16, 0, 0, 0]

Iteration:  263
[512, 0, 0, 0]
[16, 128, 0, 2]
[128, 2, 16, 0]
[16, 4, 2, 0]

Iteration:  264
[4, 0, 0, 512]
[0, 16, 128, 2]
[0, 128, 2, 16]
[0, 16, 4, 2]

Iteration:  265
[4, 16, 128, 512]
[0, 128, 2, 2]
[0, 16, 4, 16]
[0, 0, 4, 2]

Iteration:  266
[4, 16, 128, 512]
[0, 0, 128, 4]
[2, 16, 4, 16]
[0, 0, 4, 2]

Iteration:  267
[4, 32, 256, 512]
[2, 0, 8, 4]
[0, 4, 0, 16]
[0, 0, 0, 2]

Iteration:  268
[4, 32, 256, 512]
[2, 2, 8, 4]
[0, 0, 4, 16]
[0, 0, 0, 2]

Iteration:  269
[4, 32, 256, 512]
[0, 4, 8, 4]
[0, 0, 4, 16]
[0, 0, 4, 2]

Iteration:  270
[4, 32, 256, 512]
[4, 8, 4, 0]
[4, 16, 0, 0]
[4, 2, 4, 0]

Iteration:  271
[4, 32, 256, 512]
[0, 4, 8, 4]
[4, 0, 4, 16]
[0, 4, 2, 4]

Iteration:  272
[4, 32, 256, 512]
[4, 8, 4, 0]
[8, 16, 0, 2]
[4, 2, 4, 0]

Iteration:  273
[16, 32, 256, 512]
[4, 8, 8, 2]
[2, 16, 0, 0]
[0, 2, 0, 0]

Iteration:  274
[16, 32, 256, 512]
[4, 16, 2, 4]
[2, 16, 0, 0]
[2, 0, 0, 0]

Iteration:  275
[16, 32, 256, 512]
[4, 32, 2, 4]
[4, 0, 0, 0]
[0, 2, 0, 0]

Iteration:  276
[16, 32, 256, 512]
[4, 32, 2, 4]
[0, 0, 0, 4]
[0, 0, 2, 2]

Iteration:  277
[16, 64, 256, 512]
[4, 0, 4, 8]
[0, 0, 0, 2]
[0, 0, 0, 2]

Iteration:  278
[16, 64, 256, 512]
[16, 0, 0, 0]
[2, 2, 0, 0]
[2, 0, 0, 0]

Iteration:  279
[32, 64, 256, 512]
[4, 2, 0, 0]
[2, 0, 0, 0]
[0, 0, 0, 0]

Iteration:  280
[0, 0, 0, 4]
[32, 0, 0, 0]
[4, 64, 0, 0]
[2, 2, 256, 512]

Iteration:  281
[0, 0, 4, 0]
[32, 0, 0, 0]
[4, 64, 0, 4]
[2, 2, 256, 512]

Iteration:  282
[32, 64, 4, 4]
[4, 2, 256, 512]
[2, 0, 0, 0]
[0, 4, 0, 0]

Iteration:  283
[32, 64, 8, 0]
[4, 2, 256, 512]
[2, 0, 4, 0]
[4, 0, 0, 0]

Iteration:  284
[32, 64, 8, 512]
[4, 2, 256, 0]
[2, 0, 4, 0]
[4, 0, 0, 2]

Iteration:  285
[32, 64, 8, 512]
[4, 4, 2, 256]
[0, 0, 2, 4]
[0, 0, 4, 2]

Iteration:  286
[32, 64, 8, 512]
[4, 4, 8, 256]
[0, 2, 0, 4]
[0, 0, 0, 2]

Iteration:  287
[32, 64, 8, 512]
[16, 256, 0, 0]
[2, 4, 0, 2]
[2, 0, 0, 0]

Iteration:  288
[0, 0, 4, 0]
[32, 64, 0, 0]
[16, 256, 0, 512]
[4, 4, 8, 2]

Iteration:  289
[4, 0, 0, 0]
[32, 64, 0, 0]
[16, 256, 512, 0]
[16, 2, 2, 0]

Iteration:  290
[4, 64, 512, 0]
[32, 256, 2, 0]
[32, 2, 0, 4]
[0, 0, 0, 0]

Iteration:  291
[4, 64, 512, 4]
[64, 256, 2, 4]
[0, 2, 0, 0]
[0, 0, 0, 0]

Iteration:  292
[4, 64, 512, 4]
[64, 256, 2, 4]
[2, 0, 0, 0]
[0, 4, 0, 0]

Iteration:  293
[4, 64, 512, 4]
[64, 256, 2, 4]
[2, 0, 0, 0]
[4, 2, 0, 0]

Iteration:  294
[4, 0, 0, 0]
[64, 64, 0, 0]
[2, 256, 512, 4]
[4, 2, 2, 8]

Iteration:  295
[0, 0, 0, 4]
[4, 0, 0, 128]
[2, 256, 512, 4]
[0, 0, 8, 8]

Iteration:  296
[4, 0, 0, 4]
[0, 0, 0, 128]
[4, 0, 512, 4]
[2, 256, 8, 8]

Iteration:  297
[8, 256, 512, 4]
[2, 0, 8, 128]
[0, 0, 0, 4]
[0, 0, 2, 8]

Iteration:  298
[8, 256, 512, 4]
[0, 2, 8, 128]
[0, 2, 0, 4]
[0, 0, 2, 8]

Iteration:  299
[8, 256, 512, 4]
[0, 4, 8, 128]
[0, 2, 2, 4]
[0, 0, 0, 8]

Iteration:  300
[8, 256, 512, 4]
[4, 8, 128, 0]
[8, 0, 0, 4]
[8, 0, 0, 0]

Iteration:  301
[8, 256, 512, 8]
[4, 8, 128, 0]
[16, 0, 0, 0]
[0, 0, 2, 0]

Iteration:  302
[8, 256, 512, 8]
[4, 8, 128, 2]
[16, 0, 0, 0]
[2, 0, 0, 0]

Iteration:  303
[8, 256, 512, 8]
[4, 8, 128, 2]
[0, 0, 0, 16]
[0, 0, 4, 2]

Iteration:  304
[8, 256, 512, 8]
[4, 8, 128, 2]
[16, 4, 0, 0]
[4, 2, 0, 0]

Iteration:  305
[8, 256, 512, 8]
[4, 8, 128, 2]
[0, 0, 16, 4]
[4, 0, 4, 2]

Iteration:  306
[8, 256, 512, 8]
[4, 8, 128, 2]
[0, 0, 16, 4]
[4, 0, 8, 2]

Iteration:  307
[0, 0, 512, 8]
[2, 0, 128, 2]
[0, 256, 16, 4]
[16, 8, 8, 2]

Iteration:  308
[512, 8, 2, 0]
[2, 128, 2, 0]
[256, 16, 4, 0]
[16, 16, 2, 0]

Iteration:  309
[0, 512, 8, 2]
[2, 2, 128, 2]
[0, 256, 16, 4]
[0, 0, 32, 2]

Iteration:  310
[512, 8, 2, 0]
[4, 128, 2, 2]
[256, 16, 4, 0]
[32, 2, 0, 0]

Iteration:  311
[512, 8, 8, 2]
[4, 128, 2, 0]
[256, 16, 0, 0]
[32, 2, 0, 0]

Iteration:  312
[512, 16, 2, 0]
[4, 128, 2, 0]
[256, 16, 0, 0]
[32, 2, 2, 0]

Iteration:  313
[512, 16, 2, 0]
[4, 128, 2, 0]
[256, 16, 0, 4]
[32, 4, 0, 0]

Iteration:  314
[512, 16, 2, 0]
[4, 128, 2, 0]
[256, 16, 4, 2]
[32, 4, 0, 0]

Iteration:  315
[512, 16, 8, 2]
[4, 128, 0, 0]
[256, 16, 4, 0]
[32, 4, 0, 0]

Iteration:  316
[512, 16, 8, 2]
[4, 128, 4, 4]
[256, 16, 0, 0]
[32, 4, 0, 0]

Iteration:  317
[512, 16, 8, 2]
[4, 128, 8, 0]
[256, 16, 0, 0]
[32, 4, 0, 4]

Iteration:  318
[512, 16, 16, 2]
[4, 128, 0, 4]
[256, 16, 0, 4]
[32, 4, 0, 0]

Iteration:  319
[512, 16, 16, 2]
[4, 128, 2, 8]
[256, 16, 0, 0]
[32, 4, 0, 0]

Iteration:  320
[2, 512, 32, 2]
[4, 128, 2, 8]
[0, 0, 256, 16]
[0, 0, 32, 4]

Iteration:  321
[2, 512, 32, 2]
[4, 128, 2, 8]
[256, 16, 0, 0]
[32, 4, 0, 2]

Iteration:  322
[2, 512, 0, 0]
[4, 128, 2, 2]
[256, 16, 32, 8]
[32, 4, 2, 2]

Iteration:  323
[0, 0, 2, 512]
[4, 4, 128, 4]
[256, 16, 32, 8]
[0, 0, 32, 8]

Iteration:  324
[0, 0, 0, 4]
[0, 0, 2, 512]
[4, 4, 128, 4]
[256, 16, 64, 16]

Iteration:  325
[4, 4, 2, 4]
[256, 16, 128, 512]
[4, 0, 64, 4]
[0, 0, 0, 16]

Iteration:  326
[2, 8, 2, 4]
[256, 16, 128, 512]
[0, 4, 64, 4]
[0, 0, 0, 16]

Iteration:  327
[0, 4, 0, 4]
[0, 8, 2, 512]
[2, 16, 128, 4]
[256, 4, 64, 16]

Iteration:  328
[2, 4, 2, 4]
[256, 8, 128, 512]
[0, 16, 64, 4]
[4, 4, 0, 16]

Iteration:  329
[0, 4, 4, 4]
[2, 8, 2, 512]
[256, 16, 128, 4]
[4, 4, 64, 16]

Iteration:  330
[8, 4, 0, 2]
[2, 8, 2, 512]
[256, 16, 128, 4]
[8, 64, 16, 0]

Iteration:  331
[8, 4, 2, 0]
[2, 8, 2, 512]
[256, 16, 128, 4]
[8, 64, 16, 4]

Iteration:  332
[8, 4, 4, 512]
[2, 8, 128, 8]
[256, 16, 16, 0]
[8, 64, 4, 0]

Iteration:  333
[8, 8, 512, 0]
[2, 8, 128, 8]
[256, 32, 0, 0]
[8, 64, 4, 2]

Iteration:  334
[8, 2, 0, 0]
[2, 16, 512, 0]
[256, 32, 128, 8]
[8, 64, 4, 2]

Iteration:  335
[0, 0, 8, 2]
[2, 2, 16, 512]
[256, 32, 128, 8]
[8, 64, 4, 2]

Iteration:  336
[2, 2, 8, 2]
[256, 32, 16, 512]
[8, 64, 128, 8]
[2, 0, 4, 2]

Iteration:  337
[0, 4, 8, 2]
[256, 32, 16, 512]
[8, 64, 128, 8]
[2, 2, 4, 2]

Iteration:  338
[4, 4, 8, 2]
[256, 32, 16, 512]
[8, 64, 128, 8]
[0, 4, 4, 2]

Iteration:  339
[0, 8, 8, 2]
[256, 32, 16, 512]
[8, 64, 128, 8]
[2, 0, 8, 2]

Iteration:  340
[0, 0, 16, 2]
[256, 32, 16, 512]
[8, 64, 128, 8]
[2, 2, 8, 2]

Iteration:  341
[0, 2, 0, 2]
[256, 32, 32, 512]
[8, 64, 128, 8]
[2, 2, 8, 2]

Iteration:  342
[4, 0, 4, 0]
[256, 64, 512, 0]
[8, 64, 128, 8]
[4, 8, 2, 0]

Iteration:  343
[4, 0, 4, 0]
[256, 0, 512, 0]
[8, 128, 128, 2]
[4, 8, 2, 8]

Iteration:  344
[8, 0, 0, 0]
[256, 512, 0, 4]
[8, 256, 2, 0]
[4, 8, 2, 8]

Iteration:  345
[8, 512, 4, 4]
[256, 256, 2, 8]
[8, 8, 0, 0]
[4, 0, 0, 0]

Iteration:  346
[8, 512, 8, 0]
[512, 2, 8, 0]
[16, 0, 4, 0]
[4, 0, 0, 0]

Iteration:  347
[8, 512, 16, 0]
[512, 2, 4, 0]
[16, 0, 0, 0]
[4, 0, 2, 0]

Iteration:  348
[8, 512, 16, 0]
[512, 2, 4, 0]
[16, 0, 0, 0]
[4, 2, 4, 0]

Iteration:  349
[8, 512, 16, 0]
[512, 4, 8, 0]
[16, 4, 0, 0]
[4, 0, 0, 0]

Iteration:  350
[8, 0, 0, 0]
[512, 2, 0, 0]
[16, 512, 16, 0]
[4, 8, 8, 0]

Iteration:  351
[8, 2, 16, 0]
[512, 512, 8, 2]
[16, 8, 0, 0]
[4, 0, 0, 0]

Iteration:  352
[8, 2, 16, 0]
[1024, 8, 2, 0]
[16, 8, 0, 0]
[4, 2, 0, 0]

Iteration:  353
[8, 2, 16, 4]
[1024, 16, 2, 0]
[16, 2, 0, 0]
[4, 0, 0, 0]

Iteration:  354
[8, 2, 16, 4]
[0, 1024, 16, 2]
[0, 0, 16, 2]
[0, 2, 0, 4]

Iteration:  355
[0, 0, 0, 0]
[0, 2, 4, 0]
[0, 1024, 16, 8]
[8, 2, 32, 4]

Iteration:  356
[0, 4, 0, 0]
[0, 0, 2, 4]
[0, 1024, 16, 8]
[8, 2, 32, 4]

Iteration:  357
[8, 4, 2, 4]
[0, 1024, 16, 8]
[0, 2, 32, 4]
[0, 4, 0, 0]

Iteration:  358
[0, 4, 0, 0]
[0, 1024, 2, 4]
[4, 2, 16, 8]
[8, 4, 32, 4]

Iteration:  359
[0, 0, 4, 4]
[0, 1024, 2, 4]
[4, 2, 16, 8]
[8, 4, 32, 4]

Iteration:  360
[8, 2, 0, 0]
[1024, 2, 4, 0]
[4, 2, 16, 8]
[8, 4, 32, 4]

Iteration:  361
[8, 4, 4, 8]
[1024, 2, 16, 4]
[4, 4, 32, 0]
[8, 2, 0, 0]

Iteration:  362
[0, 0, 16, 8]
[1024, 2, 16, 4]
[0, 0, 8, 32]
[0, 4, 8, 2]

Iteration:  363
[0, 0, 0, 8]
[2, 0, 0, 4]
[0, 2, 16, 32]
[1024, 4, 32, 2]

Iteration:  364
[8, 0, 2, 0]
[2, 4, 0, 0]
[2, 16, 32, 0]
[1024, 4, 32, 2]

Iteration:  365
[8, 4, 2, 2]
[4, 16, 64, 0]
[1024, 4, 0, 0]
[0, 0, 0, 4]

Iteration:  366
[0, 0, 0, 2]
[8, 4, 0, 0]
[4, 16, 2, 2]
[1024, 4, 64, 4]

Iteration:  367
[2, 0, 0, 0]
[8, 4, 0, 2]
[4, 16, 4, 0]
[1024, 4, 64, 4]

Iteration:  368
[0, 4, 0, 2]
[0, 8, 4, 2]
[0, 4, 16, 4]
[1024, 4, 64, 4]

Iteration:  369
[1024, 4, 4, 8]
[0, 8, 16, 4]
[0, 8, 64, 0]
[4, 0, 0, 0]

Iteration:  370
[1024, 4, 4, 8]
[4, 16, 16, 4]
[0, 0, 64, 0]
[0, 0, 2, 0]

Iteration:  371
[1024, 16, 0, 0]
[4, 32, 4, 0]
[64, 2, 0, 0]
[2, 0, 0, 0]

Iteration:  372
[1024, 16, 4, 0]
[4, 32, 0, 0]
[64, 2, 0, 0]
[2, 0, 2, 0]

Iteration:  373
[1024, 4, 0, 0]
[4, 16, 0, 0]
[64, 32, 4, 0]
[2, 2, 2, 0]

Iteration:  374
[1024, 4, 4, 0]
[4, 16, 0, 0]
[64, 32, 4, 0]
[4, 2, 0, 0]

Iteration:  375
[1024, 8, 0, 2]
[4, 16, 0, 0]
[64, 32, 4, 0]
[4, 2, 0, 0]

Iteration:  376
[1024, 8, 4, 2]
[4, 16, 0, 0]
[64, 32, 0, 4]
[4, 2, 0, 0]

Iteration:  377
[1024, 8, 4, 2]
[4, 16, 0, 4]
[64, 32, 0, 0]
[4, 2, 0, 2]

Iteration:  378
[1024, 8, 4, 2]
[4, 16, 2, 4]
[64, 32, 0, 2]
[4, 2, 0, 0]

Iteration:  379
[1024, 8, 0, 0]
[4, 16, 4, 2]
[64, 32, 4, 4]
[4, 2, 2, 2]

Iteration:  380
[1024, 8, 8, 2]
[4, 16, 2, 4]
[64, 32, 4, 2]
[4, 2, 0, 0]

Iteration:  381
[1024, 16, 2, 0]
[4, 16, 2, 4]
[64, 32, 4, 2]
[4, 2, 2, 0]

Iteration:  382
[1024, 0, 0, 0]
[4, 32, 4, 2]
[64, 32, 4, 4]
[4, 2, 2, 2]

Iteration:  383
[1024, 0, 4, 0]
[4, 0, 0, 2]
[64, 64, 8, 4]
[4, 2, 2, 2]

Iteration:  384
[2, 0, 1024, 4]
[0, 0, 4, 2]
[0, 128, 8, 4]
[0, 4, 2, 4]

Iteration:  385
[0, 4, 1024, 0]
[0, 0, 4, 4]
[0, 128, 8, 2]
[2, 4, 2, 8]

Iteration:  386
[2, 4, 1024, 4]
[0, 128, 4, 2]
[0, 4, 8, 8]
[0, 0, 2, 2]

Iteration:  387
[2, 4, 1024, 4]
[0, 128, 4, 2]
[2, 0, 4, 16]
[0, 0, 0, 4]

Iteration:  388
[0, 0, 0, 4]
[0, 0, 2, 2]
[0, 4, 1024, 16]
[4, 128, 8, 4]

Iteration:  389
[0, 4, 0, 4]
[0, 0, 0, 4]
[0, 4, 1024, 16]
[4, 128, 8, 4]

Iteration:  390
[4, 8, 1024, 8]
[0, 128, 8, 16]
[0, 2, 0, 4]
[0, 0, 0, 0]

Iteration:  391
[4, 8, 1024, 8]
[128, 8, 16, 0]
[2, 4, 2, 0]
[0, 0, 0, 0]

Iteration:  392
[4, 16, 1024, 8]
[128, 4, 16, 0]
[2, 4, 2, 0]
[0, 0, 0, 0]

Iteration:  393
[4, 16, 1024, 8]
[128, 8, 16, 0]
[2, 0, 2, 0]
[2, 0, 0, 0]

Iteration:  394
[0, 0, 0, 2]
[4, 0, 1024, 0]
[128, 16, 16, 0]
[4, 8, 2, 8]

Iteration:  395
[0, 4, 0, 0]
[4, 0, 1024, 0]
[128, 16, 16, 2]
[4, 8, 2, 8]

Iteration:  396
[0, 0, 0, 4]
[4, 4, 1024, 0]
[128, 16, 16, 2]
[4, 8, 2, 8]

Iteration:  397
[4, 4, 1024, 4]
[128, 16, 16, 2]
[4, 8, 2, 8]
[0, 0, 0, 4]

Iteration:  398
[8, 1024, 4, 0]
[128, 32, 2, 2]
[4, 8, 2, 8]
[4, 0, 0, 0]

Iteration:  399
[4, 0, 0, 0]
[8, 1024, 0, 0]
[128, 32, 0, 2]
[8, 8, 8, 8]

Iteration:  400
[4, 0, 0, 0]
[8, 1024, 0, 0]
[128, 32, 2, 0]
[16, 16, 0, 2]

Iteration:  401
[0, 2, 0, 4]
[0, 0, 8, 1024]
[0, 128, 32, 2]
[0, 0, 32, 2]

Iteration:  402
[0, 0, 2, 4]
[0, 0, 8, 1024]
[0, 128, 32, 2]
[2, 0, 32, 2]

Iteration:  403
[2, 4, 0, 0]
[8, 1024, 0, 0]
[128, 32, 2, 2]
[2, 32, 2, 0]

Iteration:  404
[2, 4, 4, 2]
[8, 1024, 0, 0]
[128, 64, 0, 0]
[2, 0, 0, 2]

Iteration:  405
[2, 0, 0, 0]
[8, 4, 4, 0]
[128, 1024, 0, 0]
[2, 64, 4, 4]

Iteration:  406
[0, 0, 0, 2]
[0, 4, 0, 16]
[0, 0, 128, 1024]
[0, 2, 64, 8]

Iteration:  407
[4, 4, 128, 2]
[0, 2, 64, 16]
[0, 0, 0, 1024]
[0, 0, 0, 8]

Iteration:  408
[8, 128, 2, 4]
[2, 64, 16, 0]
[1024, 0, 0, 0]
[8, 0, 0, 0]

Iteration:  409
[8, 128, 2, 4]
[0, 2, 64, 16]
[4, 0, 0, 1024]
[0, 0, 0, 8]

Iteration:  410
[8, 128, 2, 4]
[2, 64, 16, 2]
[4, 1024, 0, 0]
[8, 0, 0, 0]

Iteration:  411
[8, 128, 2, 4]
[2, 64, 16, 2]
[0, 0, 4, 1024]
[4, 0, 0, 8]

Iteration:  412
[8, 128, 2, 4]
[2, 64, 16, 2]
[0, 0, 4, 1024]
[0, 4, 4, 8]

Iteration:  413
[2, 0, 0, 4]
[0, 128, 2, 2]
[8, 64, 16, 1024]
[2, 4, 8, 8]

Iteration:  414
[0, 0, 2, 4]
[0, 0, 128, 4]
[8, 64, 16, 1024]
[4, 2, 4, 16]

Iteration:  415
[8, 64, 2, 8]
[4, 2, 128, 1024]
[0, 0, 16, 16]
[0, 2, 4, 0]

Iteration:  416
[8, 64, 2, 8]
[4, 4, 128, 1024]
[2, 0, 16, 16]
[0, 0, 4, 0]

Iteration:  417
[8, 64, 2, 8]
[0, 8, 128, 1024]
[0, 0, 2, 32]
[0, 2, 0, 4]

Iteration:  418
[8, 64, 2, 8]
[0, 8, 128, 1024]
[0, 0, 2, 32]
[2, 0, 2, 4]

Iteration:  419
[0, 0, 4, 8]
[0, 0, 2, 1024]
[8, 64, 128, 32]
[2, 8, 4, 4]

Iteration:  420
[0, 0, 4, 8]
[0, 2, 2, 1024]
[8, 64, 128, 32]
[0, 0, 2, 16]

Iteration:  421
[0, 0, 4, 8]
[0, 0, 4, 1024]
[8, 64, 128, 32]
[0, 2, 2, 16]

Iteration:  422
[8, 64, 8, 8]
[4, 2, 128, 1024]
[0, 0, 2, 32]
[0, 0, 0, 16]

Iteration:  423
[8, 64, 16, 0]
[4, 2, 128, 1024]
[2, 32, 0, 4]
[16, 0, 0, 0]

Iteration:  424
[8, 4, 0, 0]
[4, 64, 0, 0]
[2, 2, 16, 1024]
[16, 32, 128, 4]

Iteration:  425
[8, 4, 2, 0]
[4, 64, 0, 0]
[4, 16, 1024, 0]
[16, 32, 128, 4]

Iteration:  426
[0, 4, 4, 0]
[0, 64, 2, 0]
[16, 16, 1024, 0]
[16, 32, 128, 4]

Iteration:  427
[8, 0, 2, 0]
[64, 2, 0, 0]
[32, 1024, 0, 0]
[16, 32, 128, 4]

Iteration:  428
[8, 0, 0, 0]
[64, 2, 4, 0]
[32, 1024, 2, 0]
[16, 32, 128, 4]

Iteration:  429
[2, 0, 0, 8]
[0, 64, 2, 4]
[0, 32, 1024, 2]
[16, 32, 128, 4]

Iteration:  430
[0, 0, 0, 8]
[4, 0, 2, 4]
[2, 0, 1024, 2]
[16, 128, 128, 4]

Iteration:  431
[0, 0, 0, 8]
[0, 4, 2, 4]
[4, 2, 1024, 2]
[0, 16, 256, 4]

Iteration:  432
[8, 0, 0, 0]
[4, 2, 4, 0]
[4, 2, 1024, 2]
[16, 256, 4, 2]

Iteration:  433
[0, 0, 0, 0]
[0, 2, 4, 0]
[16, 4, 1024, 0]
[16, 256, 4, 4]

Iteration:  434
[0, 0, 0, 2]
[2, 4, 0, 0]
[16, 4, 1024, 0]
[16, 256, 8, 0]

Iteration:  435
[0, 0, 0, 2]
[0, 0, 0, 0]
[2, 8, 1024, 0]
[32, 256, 8, 2]

Iteration:  436
[0, 0, 0, 0]
[0, 0, 0, 0]
[2, 8, 1024, 2]
[32, 256, 8, 4]

Iteration:  437
[2, 8, 1024, 2]
[32, 256, 8, 4]
[4, 0, 0, 0]
[0, 0, 0, 0]

Iteration:  438
[0, 0, 0, 0]
[2, 0, 4, 0]
[32, 8, 1024, 2]
[4, 256, 8, 4]

Iteration:  439
[2, 0, 0, 0]
[2, 4, 0, 0]
[32, 8, 1024, 2]
[4, 256, 8, 4]

Iteration:  440
[4, 4, 1024, 2]
[32, 8, 8, 4]
[4, 256, 0, 0]
[0, 0, 4, 0]

Iteration:  441
[0, 0, 0, 4]
[4, 4, 1024, 0]
[32, 8, 8, 2]
[4, 256, 4, 4]

Iteration:  442
[4, 0, 0, 4]
[8, 1024, 0, 0]
[32, 16, 2, 0]
[4, 256, 8, 0]

Iteration:  443
[8, 2, 0, 0]
[8, 1024, 0, 0]
[32, 16, 2, 0]
[4, 256, 8, 0]

Iteration:  444
[0, 2, 0, 0]
[16, 1024, 0, 0]
[32, 16, 2, 0]
[4, 256, 8, 2]

Iteration:  445
[0, 0, 0, 2]
[2, 0, 16, 1024]
[0, 32, 16, 2]
[4, 256, 8, 2]

Iteration:  446
[0, 0, 0, 0]
[4, 0, 0, 2]
[2, 32, 32, 1024]
[4, 256, 8, 4]

Iteration:  447
[0, 0, 0, 4]
[4, 2, 0, 0]
[2, 64, 1024, 0]
[4, 256, 8, 4]

Iteration:  448
[4, 2, 1024, 8]
[2, 64, 8, 0]
[4, 256, 0, 0]
[4, 0, 0, 0]

Iteration:  449
[4, 2, 1024, 8]
[2, 64, 8, 0]
[8, 256, 0, 0]
[0, 4, 0, 0]

Iteration:  450
[4, 2, 1024, 8]
[0, 2, 64, 8]
[0, 0, 8, 256]
[0, 4, 0, 4]

Iteration:  451
[4, 2, 1024, 8]
[0, 2, 64, 8]
[0, 0, 8, 256]
[0, 2, 0, 8]

Iteration:  452
[0, 0, 0, 0]
[0, 0, 1024, 16]
[4, 2, 64, 256]
[4, 4, 8, 8]

Iteration:  453
[8, 2, 1024, 16]
[2, 4, 64, 256]
[0, 0, 8, 8]
[0, 0, 0, 0]

Iteration:  454
[8, 2, 1024, 16]
[2, 4, 64, 256]
[16, 0, 0, 0]
[0, 0, 4, 0]

Iteration:  455
[8, 2, 1024, 16]
[2, 4, 64, 256]
[0, 0, 0, 16]
[4, 0, 0, 4]

Iteration:  456
[8, 2, 1024, 16]
[2, 4, 64, 256]
[0, 2, 0, 16]
[0, 0, 0, 8]

Iteration:  457
[8, 2, 1024, 16]
[2, 4, 64, 256]
[0, 0, 2, 16]
[0, 4, 0, 8]

Iteration:  458
[8, 2, 1024, 16]
[2, 4, 64, 256]
[0, 0, 2, 16]
[2, 0, 4, 8]

Iteration:  459
[2, 0, 1024, 16]
[0, 0, 64, 256]
[8, 2, 2, 16]
[4, 4, 4, 8]

Iteration:  460
[2, 2, 1024, 16]
[8, 4, 64, 256]
[4, 0, 2, 16]
[4, 0, 4, 8]

Iteration:  461
[0, 0, 1024, 16]
[0, 2, 64, 256]
[2, 2, 2, 16]
[16, 4, 4, 8]

Iteration:  462
[0, 2, 1024, 16]
[0, 0, 64, 256]
[2, 4, 2, 16]
[16, 4, 4, 8]

Iteration:  463
[2, 1024, 16, 0]
[64, 256, 0, 0]
[2, 4, 2, 16]
[16, 16, 4, 0]

Iteration:  464
[2, 1024, 16, 16]
[64, 256, 2, 0]
[2, 4, 4, 0]
[16, 16, 0, 4]

Iteration:  465
[2, 1024, 32, 0]
[64, 256, 2, 0]
[2, 8, 0, 4]
[32, 4, 0, 0]

Iteration:  466
[2, 1024, 32, 2]
[64, 256, 2, 0]
[2, 8, 4, 0]
[32, 4, 0, 0]

Iteration:  467
[2, 1024, 32, 2]
[2, 64, 256, 2]
[0, 2, 8, 4]
[0, 0, 32, 4]

Iteration:  468
[4, 1024, 32, 8]
[0, 64, 256, 4]
[0, 2, 8, 0]
[0, 4, 32, 0]

Iteration:  469
[0, 1024, 32, 0]
[0, 64, 256, 4]
[0, 2, 8, 8]
[4, 4, 32, 4]

Iteration:  470
[1024, 32, 0, 0]
[64, 256, 4, 0]
[2, 16, 0, 0]
[8, 32, 4, 2]

Iteration:  471
[1024, 32, 0, 2]
[64, 256, 0, 0]
[2, 16, 0, 0]
[8, 32, 8, 2]

Iteration:  472
[1024, 32, 0, 0]
[64, 256, 0, 0]
[2, 16, 2, 0]
[8, 32, 8, 4]

Iteration:  473
[0, 0, 1024, 32]
[0, 2, 64, 256]
[0, 2, 16, 2]
[8, 32, 8, 4]

Iteration:  474
[0, 0, 1024, 32]
[0, 2, 64, 256]
[0, 4, 16, 2]
[8, 32, 8, 4]

Iteration:  475
[1024, 32, 2, 0]
[2, 64, 256, 0]
[4, 16, 2, 0]
[8, 32, 8, 4]

Iteration:  476
[1024, 32, 2, 4]
[2, 64, 256, 0]
[4, 16, 2, 4]
[8, 32, 8, 0]

Iteration:  477
[1024, 32, 2, 0]
[2, 64, 256, 2]
[4, 16, 2, 0]
[8, 32, 8, 8]

Iteration:  478
[4, 1024, 32, 2]
[2, 64, 256, 2]
[0, 4, 16, 2]
[0, 8, 32, 16]

Iteration:  479
[4, 1024, 32, 4]
[2, 64, 256, 2]
[0, 4, 16, 16]
[0, 8, 32, 4]

Iteration:  480
[4, 1024, 32, 4]
[2, 64, 256, 2]
[4, 32, 4, 0]
[8, 32, 4, 0]

Iteration:  481
[4, 2, 0, 0]
[2, 0, 32, 0]
[4, 1024, 256, 4]
[8, 128, 8, 2]

Iteration:  482
[4, 0, 4, 2]
[0, 0, 2, 32]
[4, 1024, 256, 4]
[8, 128, 8, 2]

Iteration:  483
[8, 2, 4, 0]
[2, 32, 0, 0]
[4, 1024, 256, 4]
[8, 128, 8, 2]

Iteration:  484
[8, 2, 0, 0]
[2, 32, 4, 4]
[4, 1024, 256, 4]
[8, 128, 8, 2]

Iteration:  485
[0, 0, 8, 2]
[2, 2, 32, 8]
[4, 1024, 256, 4]
[8, 128, 8, 2]

Iteration:  486
[8, 2, 0, 0]
[4, 32, 8, 2]
[4, 1024, 256, 4]
[8, 128, 8, 2]

Iteration:  487
[4, 0, 8, 2]
[4, 32, 8, 2]
[4, 1024, 256, 4]
[8, 128, 8, 2]

Iteration:  488
[4, 4, 8, 2]
[4, 32, 8, 2]
[4, 1024, 256, 4]
[8, 128, 8, 2]

Iteration:  489
[0, 4, 0, 2]
[4, 32, 16, 4]
[8, 1024, 256, 4]
[8, 128, 8, 2]

Iteration:  490
[4, 2, 2, 0]
[4, 32, 16, 4]
[8, 1024, 256, 4]
[8, 128, 8, 2]

Iteration:  491
[4, 0, 0, 8]
[4, 32, 16, 4]
[8, 1024, 256, 4]
[8, 128, 8, 2]

Iteration:  492
[16, 32, 16, 8]
[8, 1024, 256, 8]
[0, 128, 8, 2]
[4, 0, 0, 0]

Iteration:  493
[16, 32, 16, 16]
[8, 1024, 256, 2]
[4, 128, 8, 2]
[0, 0, 0, 0]

Iteration:  494
[16, 32, 32, 0]
[8, 1024, 256, 2]
[4, 128, 8, 2]
[0, 2, 0, 0]

Iteration:  495
[16, 32, 32, 4]
[8, 1024, 256, 0]
[4, 128, 8, 2]
[0, 2, 0, 0]

Iteration:  496
[16, 64, 4, 0]
[8, 1024, 256, 0]
[4, 128, 8, 2]
[2, 4, 0, 0]

Iteration:  497
[0, 16, 64, 4]
[4, 8, 1024, 256]
[4, 128, 8, 2]
[0, 0, 2, 4]

Iteration:  498
[16, 64, 4, 2]
[4, 8, 1024, 256]
[4, 128, 8, 2]
[2, 4, 0, 0]

Iteration:  499
[16, 64, 4, 2]
[8, 8, 1024, 256]
[2, 128, 8, 2]
[0, 4, 4, 0]

Iteration:  500
[16, 64, 4, 2]
[16, 1024, 256, 0]
[2, 128, 8, 2]
[8, 0, 0, 2]

Iteration:  501
[32, 64, 4, 4]
[2, 1024, 256, 2]
[8, 128, 8, 0]
[4, 0, 0, 0]

Iteration:  502
[32, 64, 8, 0]
[2, 1024, 256, 2]
[8, 128, 8, 0]
[4, 0, 4, 0]

Iteration:  503
[32, 64, 8, 2]
[2, 1024, 256, 2]
[8, 128, 8, 0]
[8, 0, 0, 0]

Iteration:  504
[0, 0, 0, 4]
[32, 64, 8, 0]
[2, 1024, 256, 0]
[16, 128, 8, 4]

Iteration:  505
[0, 0, 2, 0]
[32, 64, 8, 0]
[2, 1024, 256, 0]
[16, 128, 8, 8]

Iteration:  506
[0, 0, 4, 2]
[0, 32, 64, 8]
[0, 2, 1024, 256]
[0, 16, 128, 16]

Iteration:  507
[0, 32, 4, 2]
[4, 2, 64, 8]
[0, 16, 1024, 256]
[0, 0, 128, 16]

Iteration:  508
[4, 0, 4, 2]
[0, 32, 64, 8]
[0, 2, 1024, 256]
[4, 16, 128, 16]

Iteration:  509
[0, 0, 4, 2]
[0, 32, 64, 8]
[2, 2, 1024, 256]
[8, 16, 128, 16]

Iteration:  510
[0, 4, 4, 2]
[0, 32, 64, 8]
[0, 4, 1024, 256]
[8, 16, 128, 16]

Iteration:  511
[8, 4, 4, 2]
[0, 32, 64, 8]
[4, 4, 1024, 256]
[0, 16, 128, 16]

Iteration:  512
[0, 0, 16, 2]
[4, 32, 64, 8]
[0, 8, 1024, 256]
[0, 16, 128, 16]

Iteration:  513
[16, 2, 2, 0]
[4, 32, 64, 8]
[8, 1024, 256, 0]
[16, 128, 16, 0]

Iteration:  514
[0, 0, 16, 4]
[4, 32, 64, 8]
[2, 8, 1024, 256]
[0, 16, 128, 16]

Iteration:  515
[16, 4, 4, 0]
[4, 32, 64, 8]
[2, 8, 1024, 256]
[16, 128, 16, 0]

Iteration:  516
[16, 4, 4, 8]
[4, 32, 64, 256]
[2, 8, 1024, 4]
[16, 128, 16, 0]

Iteration:  517
[16, 16, 0, 0]
[4, 32, 64, 256]
[2, 8, 1024, 4]
[16, 128, 16, 2]

Iteration:  518
[32, 0, 4, 0]
[4, 32, 64, 256]
[2, 8, 1024, 4]
[16, 128, 16, 2]

Iteration:  519
[0, 4, 32, 4]
[4, 32, 64, 256]
[2, 8, 1024, 4]
[16, 128, 16, 2]

Iteration:  520
[4, 32, 4, 4]
[4, 32, 64, 256]
[2, 8, 1024, 4]
[16, 128, 16, 2]

Iteration:  521
[2, 0, 4, 4]
[8, 64, 64, 256]
[2, 8, 1024, 4]
[16, 128, 16, 2]

Iteration:  522
[0, 0, 2, 8]
[2, 8, 128, 256]
[2, 8, 1024, 4]
[16, 128, 16, 2]

Iteration:  523
[4, 16, 2, 8]
[16, 128, 128, 256]
[2, 0, 1024, 4]
[0, 0, 16, 2]

Iteration:  524
[4, 16, 2, 8]
[0, 16, 256, 256]
[0, 2, 1024, 4]
[0, 4, 16, 2]

Iteration:  525
[4, 32, 2, 8]
[4, 2, 256, 256]
[0, 4, 1024, 4]
[0, 0, 16, 2]

Iteration:  526
[4, 32, 2, 8]
[0, 4, 2, 512]
[0, 4, 1024, 4]
[0, 2, 16, 2]

Iteration:  527
[4, 32, 4, 8]
[0, 8, 1024, 512]
[0, 2, 16, 4]
[0, 2, 0, 2]

Iteration:  528
[0, 2, 0, 8]
[0, 32, 4, 512]
[0, 8, 1024, 4]
[4, 4, 16, 2]

Iteration:  529
[2, 8, 0, 0]
[32, 4, 512, 0]
[8, 1024, 4, 0]
[8, 16, 2, 4]

Iteration:  530
[0, 8, 0, 0]
[2, 4, 512, 2]
[32, 1024, 4, 0]
[16, 16, 2, 4]

Iteration:  531
[8, 0, 0, 0]
[2, 4, 512, 2]
[32, 1024, 4, 0]
[32, 2, 4, 4]

Iteration:  532
[8, 4, 0, 0]
[2, 4, 512, 2]
[32, 1024, 4, 0]
[32, 2, 8, 0]

Iteration:  533
[0, 0, 4, 0]
[8, 8, 512, 0]
[2, 1024, 4, 0]
[64, 2, 8, 2]

Iteration:  534
[0, 0, 4, 4]
[0, 0, 16, 512]
[0, 2, 1024, 4]
[64, 2, 8, 2]

Iteration:  535
[0, 2, 0, 8]
[0, 0, 16, 512]
[0, 2, 1024, 4]
[64, 2, 8, 2]

Iteration:  536
[64, 4, 16, 8]
[0, 2, 1024, 512]
[4, 0, 8, 4]
[0, 0, 0, 2]

Iteration:  537
[64, 4, 16, 8]
[0, 2, 1024, 512]
[0, 4, 8, 4]
[2, 0, 0, 2]

Iteration:  538
[64, 4, 16, 8]
[0, 2, 1024, 512]
[4, 4, 8, 4]
[0, 0, 0, 4]

Iteration:  539
[0, 4, 0, 0]
[0, 4, 16, 8]
[64, 2, 1024, 512]
[4, 4, 8, 8]

Iteration:  540
[0, 0, 0, 0]
[4, 8, 16, 8]
[64, 2, 1024, 512]
[4, 4, 8, 8]

Iteration:  541
[0, 0, 0, 0]
[4, 8, 16, 8]
[64, 2, 1024, 512]
[16, 8, 0, 2]

Iteration:  542
[4, 0, 0, 0]
[4, 8, 0, 8]
[64, 2, 16, 512]
[16, 8, 1024, 2]

Iteration:  543
[2, 0, 0, 0]
[8, 8, 0, 8]
[64, 2, 16, 512]
[16, 8, 1024, 2]

Iteration:  544
[0, 0, 0, 2]
[0, 2, 8, 16]
[64, 2, 16, 512]
[16, 8, 1024, 2]

Iteration:  545
[64, 4, 8, 2]
[16, 8, 16, 16]
[0, 0, 1024, 512]
[2, 0, 0, 2]

Iteration:  546
[64, 4, 8, 2]
[0, 16, 8, 32]
[0, 0, 1024, 512]
[0, 0, 2, 4]

Iteration:  547
[64, 4, 16, 2]
[0, 16, 1024, 32]
[0, 0, 2, 512]
[0, 4, 0, 4]

Iteration:  548
[0, 4, 0, 2]
[0, 4, 16, 32]
[0, 16, 1024, 512]
[64, 4, 2, 4]

Iteration:  549
[0, 0, 4, 2]
[2, 4, 16, 32]
[0, 16, 1024, 512]
[64, 4, 2, 4]

Iteration:  550
[2, 4, 4, 2]
[64, 16, 16, 32]
[0, 4, 1024, 512]
[0, 2, 2, 4]

Iteration:  551
[2, 8, 2, 0]
[64, 64, 0, 0]
[4, 1024, 512, 0]
[8, 0, 0, 2]

Iteration:  552
[2, 8, 2, 0]
[128, 4, 0, 0]
[4, 1024, 512, 0]
[8, 2, 0, 0]

Iteration:  553
[0, 2, 8, 2]
[2, 0, 128, 4]
[0, 4, 1024, 512]
[0, 0, 8, 2]

Iteration:  554
[2, 8, 2, 0]
[2, 128, 4, 4]
[4, 1024, 512, 0]
[8, 2, 0, 0]

Iteration:  555
[16, 8, 2, 4]
[0, 128, 4, 0]
[0, 1024, 512, 0]
[0, 2, 2, 0]

Iteration:  556
[16, 8, 2, 4]
[128, 4, 0, 0]
[1024, 512, 0, 0]
[4, 0, 4, 0]

Iteration:  557
[16, 8, 2, 4]
[128, 4, 0, 0]
[1024, 512, 0, 0]
[8, 0, 0, 4]

Iteration:  558
[16, 0, 0, 0]
[128, 8, 0, 4]
[1024, 4, 0, 0]
[8, 512, 2, 8]

Iteration:  559
[16, 0, 0, 4]
[128, 8, 4, 0]
[1024, 4, 0, 0]
[8, 512, 2, 8]

Iteration:  560
[16, 8, 4, 4]
[128, 4, 2, 8]
[1024, 512, 0, 2]
[8, 0, 0, 0]

Iteration:  561
[16, 8, 8, 0]
[128, 4, 2, 8]
[1024, 512, 2, 0]
[8, 4, 0, 0]

Iteration:  562
[16, 8, 8, 8]
[128, 4, 4, 0]
[1024, 512, 0, 0]
[8, 4, 0, 2]

Iteration:  563
[16, 16, 8, 0]
[128, 8, 0, 0]
[1024, 512, 2, 0]
[8, 4, 2, 0]

Iteration:  564
[16, 16, 0, 0]
[128, 8, 4, 0]
[1024, 512, 8, 0]
[8, 4, 4, 0]

Iteration:  565
[32, 4, 0, 0]
[128, 8, 4, 0]
[1024, 512, 8, 0]
[8, 8, 0, 0]

Iteration:  566
[0, 2, 32, 4]
[0, 128, 8, 4]
[0, 1024, 512, 8]
[0, 0, 0, 16]

Iteration:  567
[0, 2, 32, 32]
[0, 128, 8, 0]
[0, 1024, 512, 0]
[2, 0, 0, 0]

Iteration:  568
[0, 0, 2, 64]
[0, 0, 128, 8]
[0, 2, 1024, 512]
[0, 0, 0, 2]

Iteration:  569
[4, 2, 2, 64]
[0, 0, 128, 8]
[0, 0, 1024, 512]
[0, 0, 0, 2]

Iteration:  570
[4, 4, 64, 0]
[128, 8, 4, 0]
[1024, 512, 0, 0]
[2, 0, 0, 0]

Iteration:  571
[0, 0, 8, 64]
[0, 128, 8, 4]
[0, 0, 1024, 512]
[4, 0, 0, 2]

Iteration:  572
[4, 128, 16, 64]
[0, 4, 1024, 4]
[0, 0, 0, 512]
[0, 0, 0, 2]

Iteration:  573
[4, 128, 16, 64]
[4, 1024, 4, 0]
[512, 0, 0, 0]
[2, 2, 0, 0]

Iteration:  574
[8, 128, 16, 64]
[512, 1024, 4, 0]
[2, 2, 0, 0]
[2, 0, 0, 0]

Iteration:  575
[8, 128, 16, 64]
[2, 512, 1024, 4]
[0, 0, 0, 4]
[0, 0, 0, 2]

Iteration:  576
[8, 128, 16, 64]
[2, 512, 1024, 8]
[0, 0, 4, 2]
[0, 0, 0, 0]

Iteration:  577
[8, 128, 16, 64]
[2, 512, 1024, 8]
[4, 2, 0, 0]
[0, 0, 0, 2]

Iteration:  578
[8, 128, 16, 64]
[2, 512, 1024, 8]
[4, 2, 0, 0]
[2, 4, 0, 0]

Iteration:  579
[8, 128, 16, 64]
[2, 512, 1024, 8]
[0, 0, 4, 2]
[0, 2, 2, 4]

Iteration:  580
[8, 128, 16, 64]
[2, 512, 1024, 8]
[4, 2, 2, 0]
[8, 0, 0, 0]

Iteration:  581
[8, 128, 16, 64]
[2, 512, 1024, 8]
[0, 0, 2, 8]
[0, 0, 0, 8]

Iteration:  582
[8, 128, 16, 64]
[2, 512, 1024, 16]
[0, 0, 2, 8]
[0, 2, 0, 0]

Iteration:  583
[8, 128, 16, 64]
[2, 512, 1024, 16]
[0, 2, 2, 8]
[2, 0, 0, 0]

Iteration:  584
[2, 0, 0, 0]
[0, 128, 16, 64]
[8, 512, 1024, 16]
[4, 2, 2, 8]

Iteration:  585
[0, 4, 0, 2]
[0, 128, 16, 64]
[8, 512, 1024, 16]
[0, 0, 8, 8]

Iteration:  586
[0, 4, 0, 2]
[0, 4, 16, 64]
[0, 128, 1024, 16]
[8, 512, 8, 8]

Iteration:  587
[0, 0, 0, 2]
[0, 8, 16, 64]
[2, 128, 1024, 16]
[8, 512, 8, 8]

Iteration:  588
[4, 0, 0, 2]
[0, 8, 16, 64]
[2, 128, 1024, 16]
[0, 8, 512, 16]

Iteration:  589
[0, 0, 0, 0]
[4, 8, 16, 2]
[4, 128, 1024, 64]
[2, 8, 512, 32]

Iteration:  590
[8, 8, 16, 2]
[2, 128, 1024, 64]
[0, 8, 512, 32]
[0, 2, 0, 0]

Iteration:  591
[0, 16, 16, 2]
[2, 128, 1024, 64]
[4, 8, 512, 32]
[0, 0, 0, 2]

Iteration:  592
[0, 0, 4, 2]
[0, 16, 16, 64]
[2, 128, 1024, 32]
[4, 8, 512, 2]

Iteration:  593
[0, 4, 4, 2]
[0, 0, 32, 64]
[2, 128, 1024, 32]
[4, 8, 512, 2]

Iteration:  594
[2, 4, 4, 2]
[4, 128, 32, 64]
[0, 8, 1024, 32]
[0, 4, 512, 2]

Iteration:  595
[2, 8, 2, 2]
[4, 128, 32, 64]
[8, 1024, 32, 0]
[4, 512, 2, 0]

Iteration:  596
[2, 8, 2, 2]
[4, 128, 64, 64]
[8, 1024, 2, 0]
[4, 512, 0, 4]

Iteration:  597
[2, 8, 4, 4]
[4, 128, 128, 0]
[8, 1024, 2, 0]
[4, 512, 4, 0]

Iteration:  598
[0, 0, 2, 16]
[0, 4, 4, 256]
[0, 8, 1024, 2]
[0, 4, 512, 4]

Iteration:  599
[2, 16, 0, 4]
[8, 256, 0, 0]
[8, 1024, 2, 0]
[4, 512, 4, 0]

Iteration:  600
[2, 16, 2, 4]
[16, 256, 4, 0]
[4, 1024, 0, 2]
[0, 512, 0, 0]

Iteration:  601
[2, 16, 2, 4]
[2, 16, 256, 4]
[0, 4, 1024, 2]
[0, 0, 0, 512]

Iteration:  602
[4, 32, 2, 8]
[0, 4, 256, 2]
[0, 0, 1024, 512]
[2, 0, 0, 0]

Iteration:  603
[4, 32, 2, 8]
[4, 256, 2, 0]
[1024, 512, 0, 0]
[2, 2, 0, 0]

Iteration:  604
[0, 32, 0, 0]
[8, 256, 0, 4]
[1024, 512, 0, 0]
[2, 2, 4, 8]

Iteration:  605
[0, 0, 0, 32]
[0, 8, 256, 4]
[0, 0, 1024, 512]
[2, 4, 4, 8]

Iteration:  606
[0, 0, 0, 32]
[0, 0, 256, 4]
[2, 8, 1024, 512]
[2, 4, 4, 8]

Iteration:  607
[32, 0, 0, 0]
[256, 4, 0, 0]
[2, 8, 1024, 512]
[2, 16, 2, 0]

Iteration:  608
[32, 4, 1024, 512]
[256, 8, 2, 0]
[4, 16, 4, 0]
[0, 0, 0, 0]

Iteration:  609
[32, 4, 1024, 512]
[0, 256, 8, 2]
[2, 4, 16, 4]
[0, 0, 0, 0]

Iteration:  610
[32, 4, 1024, 512]
[256, 8, 2, 0]
[2, 4, 16, 4]
[0, 0, 0, 4]

Iteration:  611
[32, 4, 1024, 512]
[256, 8, 2, 0]
[2, 4, 16, 4]
[4, 0, 0, 4]

Iteration:  612
[32, 0, 0, 4]
[256, 4, 1024, 0]
[2, 8, 2, 512]
[4, 4, 16, 8]

Iteration:  613
[32, 4, 0, 0]
[256, 4, 1024, 4]
[2, 8, 2, 512]
[8, 16, 8, 0]

Iteration:  614
[32, 32, 1024, 4]
[256, 0, 2, 512]
[2, 0, 8, 0]
[8, 0, 4, 0]

Iteration:  615
[0, 64, 1024, 4]
[0, 256, 2, 512]
[2, 0, 2, 8]
[0, 0, 8, 4]

Iteration:  616
[64, 1024, 4, 0]
[256, 2, 512, 0]
[4, 8, 0, 4]
[8, 4, 0, 0]

Iteration:  617
[64, 1024, 2, 0]
[256, 2, 0, 0]
[4, 8, 4, 0]
[8, 4, 512, 4]

Iteration:  618
[0, 64, 1024, 2]
[4, 0, 256, 2]
[0, 4, 8, 4]
[8, 4, 512, 4]

Iteration:  619
[64, 1024, 2, 0]
[4, 256, 2, 2]
[4, 8, 4, 0]
[8, 4, 512, 4]

Iteration:  620
[0, 64, 1024, 2]
[2, 4, 256, 4]
[0, 4, 8, 4]
[8, 4, 512, 4]

Iteration:  621
[2, 64, 1024, 2]
[8, 8, 256, 8]
[0, 4, 8, 4]
[0, 2, 512, 0]

Iteration:  622
[4, 64, 1024, 0]
[0, 8, 256, 2]
[2, 4, 8, 8]
[8, 2, 512, 4]

Iteration:  623
[0, 4, 64, 1024]
[0, 8, 256, 2]
[4, 2, 4, 16]
[8, 2, 512, 4]

Iteration:  624
[4, 4, 64, 1024]
[8, 8, 256, 2]
[0, 4, 4, 16]
[0, 4, 512, 4]

Iteration:  625
[0, 8, 64, 1024]
[4, 16, 256, 2]
[0, 0, 8, 16]
[0, 4, 512, 4]

Iteration:  626
[4, 8, 64, 1024]
[0, 16, 256, 2]
[0, 4, 8, 16]
[0, 4, 512, 4]

Iteration:  627
[4, 8, 64, 1024]
[0, 16, 256, 2]
[2, 8, 8, 16]
[0, 0, 512, 4]

Iteration:  628
[4, 8, 64, 1024]
[0, 16, 256, 2]
[0, 2, 16, 16]
[0, 4, 512, 4]

Iteration:  629
[0, 8, 64, 1024]
[0, 16, 256, 2]
[2, 2, 16, 16]
[4, 4, 512, 4]

Iteration:  630
[4, 8, 64, 1024]
[0, 16, 256, 2]
[0, 0, 4, 32]
[0, 8, 512, 4]

Iteration:  631
[4, 8, 64, 1024]
[0, 16, 256, 2]
[0, 8, 4, 32]
[2, 0, 512, 4]

Iteration:  632
[4, 8, 64, 1024]
[2, 16, 256, 2]
[4, 8, 4, 32]
[0, 0, 512, 4]

Iteration:  633
[4, 8, 64, 1024]
[2, 16, 256, 2]
[4, 8, 4, 32]
[512, 4, 4, 0]

Iteration:  634
[4, 8, 64, 1024]
[2, 16, 256, 2]
[4, 8, 8, 32]
[512, 4, 2, 0]

Iteration:  635
[4, 8, 64, 1024]
[2, 16, 256, 2]
[4, 16, 32, 2]
[512, 4, 2, 0]

Iteration:  636
[4, 0, 64, 4]
[2, 8, 256, 0]
[4, 32, 32, 1024]
[512, 4, 2, 4]

Iteration:  637
[4, 64, 4, 0]
[2, 8, 256, 0]
[4, 64, 1024, 2]
[512, 4, 2, 4]

Iteration:  638
[4, 64, 4, 2]
[2, 8, 256, 4]
[4, 64, 1024, 0]
[512, 4, 2, 4]

Iteration:  639
[4, 64, 4, 2]
[2, 8, 256, 4]
[4, 4, 64, 1024]
[512, 4, 2, 4]

Iteration:  640
[4, 4, 4, 2]
[2, 0, 256, 4]
[4, 64, 64, 1024]
[512, 16, 2, 4]

Iteration:  641
[0, 4, 8, 2]
[0, 2, 256, 4]
[2, 4, 128, 1024]
[512, 16, 2, 4]

Iteration:  642
[4, 8, 2, 4]
[2, 256, 4, 0]
[2, 4, 128, 1024]
[512, 16, 2, 4]

Iteration:  643
[2, 8, 2, 0]
[0, 256, 4, 4]
[8, 4, 128, 1024]
[512, 16, 2, 4]

Iteration:  644
[0, 2, 8, 2]
[4, 0, 256, 8]
[8, 4, 128, 1024]
[512, 16, 2, 4]

Iteration:  645
[4, 2, 8, 2]
[0, 4, 256, 8]
[8, 4, 128, 1024]
[512, 16, 2, 4]

Iteration:  646
[4, 2, 8, 2]
[8, 8, 256, 8]
[512, 16, 128, 1024]
[2, 0, 2, 4]

Iteration:  647
[4, 2, 8, 2]
[16, 256, 8, 0]
[512, 16, 128, 1024]
[8, 0, 0, 2]

Iteration:  648
[4, 0, 4, 0]
[16, 2, 0, 2]
[512, 256, 16, 1024]
[8, 16, 128, 2]

Iteration:  649
[8, 0, 2, 0]
[16, 4, 0, 0]
[512, 256, 16, 1024]
[8, 16, 128, 2]

Iteration:  650
[0, 0, 8, 2]
[2, 0, 16, 4]
[512, 256, 16, 1024]
[8, 16, 128, 2]

Iteration:  651
[4, 0, 0, 2]
[2, 0, 8, 4]
[512, 256, 32, 1024]
[8, 16, 128, 2]

Iteration:  652
[0, 0, 4, 2]
[4, 2, 8, 4]
[512, 256, 32, 1024]
[8, 16, 128, 2]

Iteration:  653
[4, 2, 0, 2]
[4, 2, 8, 4]
[512, 256, 32, 1024]
[8, 16, 128, 2]

Iteration:  654
[0, 0, 2, 2]
[8, 4, 8, 4]
[512, 256, 32, 1024]
[8, 16, 128, 2]

Iteration:  655
[8, 4, 2, 2]
[512, 256, 8, 4]
[8, 16, 32, 1024]
[4, 0, 128, 2]

Iteration:  656
[0, 2, 0, 16]
[512, 256, 8, 4]
[8, 16, 32, 1024]
[0, 4, 128, 2]

Iteration:  657
[0, 0, 2, 16]
[512, 256, 8, 4]
[8, 16, 32, 1024]
[4, 4, 128, 2]

Iteration:  658
[2, 16, 2, 0]
[512, 256, 8, 4]
[8, 16, 32, 1024]
[8, 128, 2, 0]

Iteration:  659
[2, 16, 2, 4]
[512, 256, 8, 1024]
[16, 16, 32, 2]
[0, 128, 2, 0]

Iteration:  660
[2, 16, 2, 4]
[512, 256, 8, 1024]
[64, 2, 0, 0]
[128, 2, 2, 0]

Iteration:  661
[2, 16, 2, 4]
[512, 256, 8, 1024]
[0, 2, 64, 2]
[0, 0, 128, 4]

Iteration:  662
[2, 16, 2, 4]
[512, 256, 8, 1024]
[2, 64, 2, 4]
[128, 4, 0, 0]

Iteration:  663
[2, 16, 2, 4]
[512, 256, 8, 1024]
[2, 64, 2, 4]
[2, 0, 128, 4]

Iteration:  664
[0, 4, 2, 0]
[2, 16, 8, 4]
[512, 256, 2, 1024]
[4, 64, 128, 8]

Iteration:  665
[0, 4, 4, 2]
[2, 16, 8, 4]
[512, 256, 2, 1024]
[4, 64, 128, 8]

Iteration:  666
[0, 2, 8, 2]
[2, 16, 8, 4]
[512, 256, 2, 1024]
[4, 64, 128, 8]

Iteration:  667
[0, 2, 4, 2]
[2, 16, 16, 4]
[512, 256, 2, 1024]
[4, 64, 128, 8]

Iteration:  668
[2, 2, 4, 2]
[512, 16, 16, 4]
[4, 256, 2, 1024]
[4, 64, 128, 8]

Iteration:  669
[4, 4, 4, 2]
[0, 512, 32, 4]
[4, 256, 2, 1024]
[4, 64, 128, 8]

Iteration:  670
[8, 4, 4, 2]
[4, 512, 32, 4]
[0, 256, 2, 1024]
[4, 64, 128, 8]

Iteration:  671
[8, 8, 2, 0]
[4, 512, 32, 4]
[256, 2, 1024, 2]
[4, 64, 128, 8]

Iteration:  672
[2, 0, 16, 2]
[4, 512, 32, 4]
[256, 2, 1024, 2]
[4, 64, 128, 8]

Iteration:  673
[4, 2, 16, 2]
[4, 512, 32, 4]
[256, 2, 1024, 2]
[4, 64, 128, 8]

Iteration:  674
[8, 2, 16, 2]
[256, 512, 32, 4]
[4, 2, 1024, 2]
[2, 64, 128, 8]