Iteration:  0
[0, 0, 0, 0]
[0, 0, 0, 0]
[4, 0, 0, 0]
[0, 2, 0, 0]

Iteration:  1
[0, 0, 0, 2]
[0, 0, 0, 0]
[0, 0, 0, 0]
[4, 2, 0, 0]

Iteration:  2
[4, 2, 0, 2]
[0, 0, 0, 4]
[0, 0, 0, 0]
[0, 0, 0, 0]

Iteration:  3
[4, 4, 0, 0]
[4, 0, 0, 0]
[0, 0, 0, 0]
[0, 0, 0, 4]

Iteration:  4
[8, 0, 0, 0]
[4, 0, 0, 0]
[0, 0, 0, 0]
[4, 2, 0, 0]

Iteration:  5
[0, 0, 0, 4]
[0, 0, 0, 0]
[0, 0, 0, 0]
[16, 2, 0, 0]

Iteration:  6
[4, 0, 0, 0]
[0, 4, 0, 0]
[0, 0, 0, 0]
[16, 2, 0, 0]

Iteration:  7
[0, 0, 0, 0]
[0, 0, 0, 0]
[4, 4, 0, 0]
[16, 2, 0, 4]

Iteration:  8
[0, 0, 0, 4]
[0, 0, 0, 0]
[8, 0, 0, 0]
[16, 2, 4, 0]

Iteration:  9
[4, 2, 0, 0]
[0, 0, 0, 0]
[8, 0, 0, 0]
[16, 2, 4, 0]

Iteration:  10
[0, 0, 0, 0]
[4, 0, 4, 0]
[8, 0, 0, 0]
[16, 4, 4, 0]

Iteration:  11
[0, 0, 0, 0]
[8, 4, 0, 0]
[8, 0, 0, 0]
[16, 8, 0, 0]

Iteration:  12
[2, 0, 0, 0]
[0, 0, 0, 0]
[16, 4, 0, 0]
[16, 8, 0, 0]

Iteration:  13
[0, 0, 0, 0]
[0, 0, 0, 2]
[2, 4, 0, 0]
[32, 8, 0, 0]

Iteration:  14
[0, 0, 0, 0]
[2, 0, 0, 0]
[2, 4, 0, 0]
[32, 8, 4, 0]

Iteration:  15
[2, 0, 0, 0]
[0, 0, 0, 2]
[0, 0, 2, 4]
[0, 32, 8, 4]

Iteration:  16
[0, 0, 2, 0]
[0, 0, 0, 0]
[0, 0, 2, 2]
[2, 32, 8, 8]

Iteration:  17
[0, 0, 0, 2]
[0, 0, 0, 2]
[0, 0, 0, 4]
[0, 2, 32, 16]

Iteration:  18
[0, 2, 0, 0]
[0, 0, 0, 4]
[0, 0, 0, 4]
[0, 2, 32, 16]

Iteration:  19
[0, 0, 0, 0]
[4, 0, 0, 0]
[0, 0, 0, 8]
[0, 4, 32, 16]

Iteration:  20
[0, 0, 4, 0]
[0, 0, 0, 0]
[0, 0, 0, 8]
[4, 4, 32, 16]

Iteration:  21
[0, 0, 0, 4]
[0, 0, 0, 0]
[0, 0, 4, 8]
[4, 4, 32, 16]

Iteration:  22
[0, 0, 0, 4]
[4, 0, 0, 0]
[0, 0, 4, 8]
[0, 8, 32, 16]

Iteration:  23
[0, 0, 0, 4]
[0, 0, 0, 4]
[4, 0, 4, 8]
[0, 8, 32, 16]

Iteration:  24
[4, 8, 4, 32]
[0, 0, 32, 0]
[0, 0, 2, 0]
[0, 0, 0, 0]

Iteration:  25
[0, 0, 0, 0]
[0, 2, 4, 0]
[0, 0, 32, 0]
[4, 8, 2, 32]

Iteration:  26
[0, 0, 0, 2]
[0, 0, 2, 4]
[0, 0, 0, 32]
[4, 8, 2, 32]

Iteration:  27
[0, 0, 0, 0]
[0, 0, 0, 2]
[0, 2, 0, 4]
[4, 8, 4, 64]

Iteration:  28
[4, 2, 4, 2]
[0, 8, 0, 4]
[0, 4, 0, 64]
[0, 0, 0, 0]

Iteration:  29
[0, 0, 0, 0]
[2, 2, 0, 2]
[0, 8, 0, 4]
[4, 4, 4, 64]

Iteration:  30
[2, 2, 4, 2]
[4, 8, 4, 4]
[0, 4, 0, 64]
[0, 0, 0, 0]

Iteration:  31
[2, 2, 8, 2]
[4, 8, 0, 4]
[0, 4, 0, 64]
[0, 0, 0, 4]

Iteration:  32
[0, 0, 2, 2]
[0, 2, 0, 4]
[2, 8, 0, 64]
[4, 4, 8, 4]

Iteration:  33
[0, 0, 0, 4]
[0, 0, 2, 4]
[0, 2, 8, 64]
[4, 8, 8, 4]

Iteration:  34
[4, 2, 2, 8]
[0, 8, 16, 64]
[0, 0, 0, 4]
[0, 0, 0, 2]

Iteration:  35
[2, 0, 0, 8]
[0, 0, 0, 64]
[0, 2, 2, 4]
[4, 8, 16, 2]

Iteration:  36
[4, 0, 2, 8]
[0, 0, 0, 64]
[0, 0, 4, 4]
[4, 8, 16, 2]

Iteration:  37
[0, 2, 0, 8]
[0, 0, 2, 64]
[0, 0, 4, 4]
[8, 8, 16, 2]

Iteration:  38
[2, 8, 0, 0]
[2, 64, 0, 0]
[8, 0, 0, 0]
[32, 2, 2, 0]

Iteration:  39
[4, 8, 2, 0]
[8, 64, 0, 0]
[32, 2, 0, 0]
[0, 0, 2, 0]

Iteration:  40
[4, 8, 2, 2]
[8, 64, 0, 0]
[32, 2, 0, 0]
[2, 0, 0, 0]

Iteration:  41
[4, 8, 4, 0]
[8, 64, 0, 0]
[32, 2, 0, 0]
[2, 0, 0, 4]

Iteration:  42
[4, 0, 0, 4]
[8, 8, 0, 0]
[32, 64, 0, 0]
[2, 2, 4, 4]

Iteration:  43
[4, 2, 0, 0]
[8, 8, 0, 0]
[32, 64, 0, 0]
[2, 2, 4, 8]

Iteration:  44
[4, 2, 4, 8]
[8, 8, 0, 2]
[32, 64, 0, 0]
[2, 2, 0, 0]

Iteration:  45
[4, 2, 0, 0]
[8, 8, 0, 0]
[32, 64, 4, 8]
[2, 2, 4, 2]

Iteration:  46
[0, 4, 4, 2]
[0, 0, 0, 16]
[32, 64, 4, 8]
[0, 4, 4, 2]

Iteration:  47
[0, 0, 0, 2]
[0, 4, 2, 16]
[0, 64, 4, 8]
[32, 4, 8, 2]

Iteration:  48
[32, 4, 2, 2]
[2, 64, 4, 16]
[0, 4, 8, 8]
[0, 0, 0, 2]

Iteration:  49
[0, 0, 32, 8]
[2, 64, 4, 16]
[0, 0, 4, 16]
[0, 2, 0, 2]

Iteration:  50
[2, 0, 0, 0]
[0, 0, 0, 8]
[0, 64, 32, 32]
[2, 2, 8, 2]

Iteration:  51
[0, 4, 0, 0]
[0, 0, 0, 8]
[0, 64, 32, 32]
[4, 2, 8, 2]

Iteration:  52
[0, 0, 0, 4]
[0, 0, 0, 8]
[0, 2, 0, 128]
[4, 2, 8, 2]

Iteration:  53
[0, 0, 0, 4]
[0, 0, 4, 8]
[0, 0, 2, 128]
[4, 2, 8, 2]

Iteration:  54
[4, 2, 4, 4]
[0, 4, 2, 8]
[0, 0, 8, 128]
[0, 0, 0, 2]

Iteration:  55
[0, 4, 2, 8]
[0, 4, 2, 8]
[0, 0, 8, 128]
[2, 0, 0, 2]

Iteration:  56
[0, 2, 0, 0]
[0, 0, 0, 16]
[0, 0, 4, 128]
[2, 8, 8, 2]

Iteration:  57
[2, 2, 4, 16]
[0, 8, 8, 128]
[0, 0, 0, 2]
[0, 0, 0, 2]

Iteration:  58
[2, 2, 4, 16]
[0, 8, 8, 128]
[0, 4, 0, 4]
[0, 0, 0, 0]

Iteration:  59
[2, 0, 0, 0]
[0, 2, 0, 16]
[0, 8, 4, 128]
[2, 4, 8, 4]

Iteration:  60
[0, 0, 0, 2]
[0, 0, 2, 16]
[2, 8, 4, 128]
[2, 4, 8, 4]

Iteration:  61
[0, 2, 0, 2]
[0, 0, 2, 16]
[0, 8, 4, 128]
[4, 4, 8, 4]

Iteration:  62
[4, 2, 0, 0]
[2, 16, 0, 0]
[8, 4, 128, 0]
[16, 4, 0, 0]

Iteration:  63
[0, 0, 4, 2]
[0, 0, 2, 16]
[0, 8, 4, 128]
[4, 0, 16, 4]

Iteration:  64
[0, 0, 4, 2]
[0, 0, 2, 16]
[0, 4, 4, 128]
[4, 8, 16, 4]

Iteration:  65
[4, 4, 4, 2]
[0, 8, 2, 16]
[0, 0, 4, 128]
[4, 0, 16, 4]

Iteration:  66
[8, 4, 4, 2]
[0, 8, 2, 16]
[0, 2, 4, 128]
[0, 0, 16, 4]

Iteration:  67
[4, 0, 16, 2]
[0, 8, 2, 16]
[0, 2, 4, 128]
[0, 0, 16, 4]

Iteration:  68
[4, 8, 16, 2]
[0, 2, 2, 16]
[0, 4, 4, 128]
[0, 0, 16, 4]

Iteration:  69
[4, 8, 16, 2]
[0, 0, 4, 16]
[0, 0, 8, 128]
[4, 0, 16, 4]

Iteration:  70
[0, 0, 16, 2]
[0, 2, 4, 16]
[0, 0, 8, 128]
[8, 8, 16, 4]

Iteration:  71
[0, 0, 16, 2]
[4, 0, 4, 16]
[0, 2, 8, 128]
[8, 8, 16, 4]

Iteration:  72
[16, 2, 0, 0]
[8, 16, 0, 4]
[2, 8, 128, 0]
[32, 4, 0, 0]

Iteration:  73
[0, 0, 16, 2]
[0, 8, 16, 4]
[0, 2, 8, 128]
[2, 0, 32, 4]

Iteration:  74
[16, 2, 4, 0]
[8, 16, 4, 0]
[2, 8, 128, 0]
[2, 32, 4, 0]

Iteration:  75
[0, 16, 2, 4]
[2, 8, 16, 4]
[0, 2, 8, 128]
[0, 2, 32, 4]

Iteration:  76
[2, 16, 2, 8]
[4, 8, 16, 128]
[0, 4, 8, 4]
[0, 0, 32, 0]

Iteration:  77
[0, 0, 2, 0]
[2, 16, 16, 8]
[2, 8, 8, 128]
[4, 4, 32, 4]

Iteration:  78
[0, 2, 0, 2]
[0, 2, 32, 8]
[0, 2, 16, 128]
[0, 8, 32, 4]

Iteration:  79
[0, 0, 0, 2]
[0, 2, 32, 8]
[4, 4, 16, 128]
[0, 8, 32, 4]

Iteration:  80
[2, 0, 0, 0]
[2, 32, 8, 0]
[8, 16, 128, 2]
[8, 32, 4, 0]

Iteration:  81
[4, 32, 8, 2]
[16, 16, 128, 0]
[0, 32, 4, 0]
[0, 2, 0, 0]

Iteration:  82
[4, 32, 8, 2]
[0, 0, 32, 128]
[0, 0, 32, 4]
[0, 0, 4, 2]

Iteration:  83
[0, 0, 0, 2]
[0, 2, 8, 128]
[0, 0, 64, 4]
[4, 32, 4, 2]

Iteration:  84
[2, 0, 0, 4]
[2, 8, 128, 0]
[64, 4, 0, 0]
[4, 32, 4, 2]

Iteration:  85
[0, 0, 2, 4]
[4, 2, 8, 128]
[0, 0, 64, 4]
[4, 32, 4, 2]

Iteration:  86
[2, 4, 4, 0]
[4, 2, 8, 128]
[64, 4, 0, 0]
[4, 32, 4, 2]

Iteration:  87
[2, 4, 4, 128]
[4, 2, 8, 2]
[64, 4, 4, 4]
[4, 32, 0, 0]

Iteration:  88
[4, 2, 8, 128]
[4, 2, 8, 2]
[0, 64, 4, 8]
[0, 0, 4, 32]

Iteration:  89
[0, 0, 0, 128]
[0, 2, 0, 2]
[0, 4, 8, 8]
[8, 64, 16, 32]

Iteration:  90
[128, 4, 0, 0]
[4, 0, 0, 0]
[4, 16, 0, 0]
[8, 64, 16, 32]

Iteration:  91
[128, 4, 16, 32]
[16, 16, 0, 0]
[0, 64, 0, 0]
[2, 0, 0, 0]

Iteration:  92
[128, 4, 16, 32]
[0, 2, 0, 32]
[0, 0, 0, 64]
[0, 0, 0, 2]

Iteration:  93
[0, 0, 0, 0]
[4, 0, 0, 64]
[0, 4, 0, 64]
[128, 2, 16, 2]

Iteration:  94
[0, 0, 0, 0]
[4, 64, 0, 0]
[4, 64, 0, 2]
[128, 2, 16, 2]

Iteration:  95
[8, 128, 16, 4]
[128, 2, 0, 0]
[0, 0, 0, 0]
[4, 0, 0, 0]

Iteration:  96
[0, 0, 4, 0]
[8, 0, 0, 0]
[128, 128, 0, 0]
[4, 2, 16, 4]

Iteration:  97
[4, 0, 0, 0]
[8, 0, 0, 0]
[256, 4, 0, 0]
[4, 2, 16, 4]

Iteration:  98
[4, 4, 16, 4]
[8, 2, 0, 0]
[256, 0, 4, 0]
[4, 0, 0, 0]

Iteration:  99
[0, 8, 16, 4]
[0, 0, 8, 2]
[0, 4, 256, 4]
[0, 0, 0, 4]

Iteration:  100
[0, 8, 16, 4]
[0, 4, 8, 2]
[2, 0, 256, 8]
[0, 0, 0, 0]

Iteration:  101
[0, 0, 0, 0]
[0, 0, 16, 4]
[2, 8, 8, 2]
[2, 4, 256, 8]

Iteration:  102
[0, 0, 4, 0]
[16, 4, 0, 0]
[2, 16, 2, 0]
[2, 4, 256, 8]

Iteration:  103
[4, 0, 0, 0]
[0, 4, 4, 0]
[16, 16, 2, 0]
[4, 4, 256, 8]

Iteration:  104
[0, 2, 0, 0]
[4, 4, 4, 0]
[16, 16, 2, 0]
[4, 4, 256, 8]

Iteration:  105
[2, 0, 0, 4]
[8, 4, 0, 0]
[32, 2, 0, 0]
[8, 256, 8, 0]

Iteration:  106
[2, 4, 4, 0]
[8, 4, 0, 0]
[32, 2, 0, 0]
[8, 256, 8, 0]

Iteration:  107
[0, 0, 2, 8]
[0, 0, 8, 4]
[0, 0, 32, 2]
[4, 8, 256, 8]

Iteration:  108
[4, 8, 2, 8]
[0, 0, 8, 4]
[0, 4, 32, 2]
[0, 0, 256, 8]

Iteration:  109
[0, 0, 2, 8]
[0, 0, 8, 4]
[4, 8, 32, 2]
[4, 4, 256, 8]

Iteration:  110
[2, 8, 0, 0]
[8, 4, 0, 4]
[4, 8, 32, 2]
[8, 256, 8, 0]

Iteration:  111
[2, 8, 0, 0]
[8, 8, 0, 0]
[4, 8, 32, 2]
[8, 256, 8, 4]

Iteration:  112
[2, 8, 0, 0]
[16, 0, 0, 2]
[4, 8, 32, 2]
[8, 256, 8, 4]

Iteration:  113
[0, 2, 2, 8]
[0, 0, 16, 2]
[4, 8, 32, 2]
[8, 256, 8, 4]

Iteration:  114
[4, 2, 2, 8]
[8, 8, 16, 8]
[0, 256, 32, 0]
[2, 0, 8, 0]

Iteration:  115
[4, 4, 8, 0]
[32, 8, 0, 4]
[256, 32, 0, 0]
[2, 8, 0, 0]

Iteration:  116
[16, 0, 0, 0]
[32, 8, 4, 0]
[256, 32, 0, 0]
[2, 8, 0, 4]

Iteration:  117
[16, 0, 0, 0]
[32, 8, 4, 0]
[256, 32, 2, 0]
[2, 8, 4, 0]

Iteration:  118
[16, 8, 4, 0]
[32, 32, 2, 4]
[256, 8, 4, 0]
[2, 0, 0, 0]

Iteration:  119
[16, 0, 0, 0]
[32, 8, 4, 0]
[256, 32, 2, 2]
[2, 8, 4, 4]

Iteration:  120
[16, 2, 0, 0]
[32, 8, 4, 0]
[256, 32, 4, 0]
[2, 8, 8, 0]

Iteration:  121
[16, 2, 0, 0]
[32, 8, 0, 0]
[256, 32, 8, 0]
[2, 8, 8, 4]

Iteration:  122
[16, 2, 16, 4]
[32, 8, 0, 0]
[256, 32, 0, 0]
[2, 8, 4, 0]

Iteration:  123
[16, 2, 16, 4]
[0, 0, 32, 8]
[0, 0, 256, 32]
[4, 2, 8, 4]

Iteration:  124
[16, 2, 16, 4]
[32, 8, 0, 2]
[256, 32, 0, 0]
[4, 2, 8, 4]

Iteration:  125
[16, 2, 16, 4]
[32, 8, 8, 2]
[256, 32, 0, 4]
[4, 2, 4, 0]

Iteration:  126
[16, 2, 2, 0]
[32, 8, 16, 4]
[256, 32, 8, 2]
[4, 2, 4, 4]

Iteration:  127
[16, 4, 0, 2]
[32, 8, 16, 4]
[256, 32, 8, 2]
[4, 2, 8, 0]

Iteration:  128
[16, 4, 16, 2]
[32, 8, 16, 4]
[256, 32, 0, 2]
[4, 2, 2, 0]

Iteration:  129
[16, 4, 0, 4]
[32, 8, 0, 2]
[256, 32, 32, 4]
[4, 2, 2, 2]

Iteration:  130
[16, 8, 0, 0]
[32, 8, 2, 0]
[256, 64, 4, 2]
[4, 4, 2, 0]

Iteration:  131
[16, 16, 2, 2]
[32, 64, 4, 4]
[256, 4, 2, 0]
[4, 0, 0, 0]

Iteration:  132
[32, 4, 0, 0]
[32, 64, 8, 0]
[256, 4, 2, 2]
[4, 0, 0, 0]

Iteration:  133
[0, 0, 0, 0]
[64, 4, 0, 0]
[256, 64, 8, 4]
[4, 4, 2, 2]

Iteration:  134
[0, 0, 2, 0]
[0, 0, 64, 4]
[256, 64, 8, 4]
[0, 0, 4, 8]

Iteration:  135
[2, 2, 0, 0]
[64, 4, 0, 0]
[256, 64, 8, 4]
[4, 8, 0, 0]

Iteration:  136
[0, 0, 0, 4]
[0, 0, 64, 4]
[256, 64, 8, 4]
[2, 0, 4, 8]

Iteration:  137
[256, 64, 64, 8]
[2, 0, 8, 4]
[4, 0, 4, 8]
[0, 0, 0, 0]

Iteration:  138
[256, 128, 8, 4]
[2, 8, 4, 0]
[16, 0, 0, 0]
[0, 0, 0, 0]

Iteration:  139
[0, 0, 0, 0]
[256, 4, 0, 0]
[2, 128, 8, 0]
[16, 8, 4, 4]

Iteration:  140
[0, 2, 0, 0]
[0, 0, 256, 4]
[0, 2, 128, 8]
[0, 0, 0, 32]

Iteration:  141
[0, 0, 0, 2]
[0, 2, 256, 4]
[0, 2, 128, 8]
[0, 0, 0, 32]

Iteration:  142
[0, 2, 0, 2]
[0, 0, 0, 4]
[0, 0, 256, 8]
[0, 4, 128, 32]

Iteration:  143
[0, 0, 0, 4]
[2, 0, 0, 4]
[0, 0, 256, 8]
[0, 4, 128, 32]

Iteration:  144
[2, 4, 256, 16]
[2, 0, 128, 32]
[0, 0, 0, 0]
[0, 0, 0, 0]

Iteration:  145
[2, 4, 256, 16]
[2, 128, 32, 0]
[0, 0, 0, 0]
[0, 0, 4, 0]

Iteration:  146
[2, 4, 256, 16]
[2, 128, 32, 0]
[0, 0, 0, 0]
[4, 0, 0, 2]

Iteration:  147
[8, 4, 256, 16]
[0, 128, 32, 2]
[0, 0, 0, 4]
[0, 0, 0, 0]

Iteration:  148
[0, 0, 0, 0]
[2, 0, 0, 16]
[0, 4, 256, 2]
[8, 128, 32, 4]

Iteration:  149
[2, 4, 256, 16]
[8, 128, 32, 2]
[0, 0, 0, 4]
[4, 0, 0, 0]

Iteration:  150
[2, 4, 256, 16]
[8, 128, 32, 2]
[0, 0, 0, 4]
[2, 0, 0, 4]

Iteration:  151
[0, 0, 0, 4]
[2, 0, 0, 16]
[8, 4, 256, 2]
[2, 128, 32, 8]

Iteration:  152
[0, 0, 0, 4]
[4, 0, 2, 16]
[8, 4, 256, 2]
[2, 128, 32, 8]

Iteration:  153
[0, 0, 4, 4]
[0, 4, 2, 16]
[8, 4, 256, 2]
[2, 128, 32, 8]

Iteration:  154
[8, 8, 4, 4]
[2, 128, 2, 16]
[4, 0, 256, 2]
[0, 0, 32, 8]

Iteration:  155
[16, 8, 0, 0]
[2, 128, 2, 16]
[4, 256, 2, 0]
[32, 8, 2, 0]

Iteration:  156
[16, 8, 4, 16]
[2, 128, 2, 0]
[4, 256, 0, 2]
[32, 8, 0, 0]

Iteration:  157
[16, 8, 4, 16]
[2, 128, 2, 4]
[4, 256, 2, 0]
[32, 8, 0, 0]

Iteration:  158
[16, 8, 4, 16]
[2, 128, 4, 4]
[4, 256, 0, 0]
[32, 8, 4, 0]

Iteration:  159
[16, 8, 0, 0]
[2, 128, 2, 0]
[4, 256, 4, 16]
[32, 8, 8, 4]

Iteration:  160
[16, 8, 2, 16]
[2, 128, 4, 4]
[4, 256, 8, 0]
[32, 8, 4, 0]

Iteration:  161
[16, 8, 2, 0]
[2, 128, 4, 2]
[4, 256, 8, 16]
[32, 8, 4, 4]

Iteration:  162
[16, 8, 2, 2]
[2, 128, 4, 2]
[4, 256, 8, 16]
[32, 8, 8, 0]

Iteration:  163
[16, 8, 4, 0]
[2, 128, 4, 2]
[4, 256, 8, 16]
[32, 16, 0, 4]

Iteration:  164
[16, 8, 2, 0]
[2, 128, 0, 2]
[4, 256, 8, 16]
[32, 16, 8, 4]

Iteration:  165
[16, 8, 2, 2]
[2, 128, 16, 16]
[4, 256, 0, 4]
[32, 16, 0, 4]

Iteration:  166
[16, 8, 0, 0]
[2, 128, 2, 2]
[4, 256, 2, 16]
[32, 16, 16, 8]

Iteration:  167
[0, 0, 16, 8]
[0, 2, 128, 4]
[4, 256, 2, 16]
[0, 4, 64, 8]

Iteration:  168
[4, 2, 16, 8]
[0, 256, 128, 4]
[0, 4, 2, 16]
[0, 4, 64, 8]

Iteration:  169
[4, 2, 16, 8]
[256, 128, 4, 4]
[4, 2, 16, 0]
[4, 64, 8, 0]

Iteration:  170
[4, 2, 16, 8]
[0, 256, 128, 8]
[0, 4, 2, 16]
[2, 4, 64, 8]

Iteration:  171
[4, 2, 16, 32]
[2, 256, 128, 8]
[0, 8, 2, 0]
[4, 0, 64, 0]

Iteration:  172
[4, 2, 16, 32]
[2, 256, 128, 8]
[8, 2, 0, 0]
[4, 64, 2, 0]

Iteration:  173
[4, 2, 16, 32]
[2, 256, 128, 8]
[4, 0, 8, 2]
[0, 4, 64, 2]

Iteration:  174
[4, 2, 16, 32]
[2, 256, 128, 8]
[4, 4, 8, 2]
[0, 4, 64, 2]

Iteration:  175
[4, 2, 16, 32]
[2, 256, 128, 8]
[0, 8, 8, 2]
[2, 4, 64, 2]

Iteration:  176
[4, 2, 16, 32]
[4, 256, 128, 8]
[0, 8, 8, 4]
[2, 4, 64, 0]

Iteration:  177
[4, 2, 16, 0]
[0, 256, 128, 32]
[8, 8, 8, 8]
[2, 4, 64, 4]

Iteration:  178
[4, 2, 16, 4]
[256, 128, 32, 0]
[16, 16, 0, 0]
[2, 4, 64, 4]

Iteration:  179
[4, 2, 0, 0]
[256, 128, 16, 0]
[16, 16, 32, 2]
[2, 4, 64, 8]

Iteration:  180
[0, 0, 4, 2]
[4, 256, 128, 16]
[0, 32, 32, 2]
[2, 4, 64, 8]

Iteration:  181
[4, 0, 4, 2]
[4, 256, 128, 16]
[0, 0, 64, 2]
[2, 4, 64, 8]

Iteration:  182
[0, 0, 0, 2]
[4, 0, 0, 16]
[8, 256, 4, 2]
[2, 4, 256, 8]

Iteration:  183
[2, 0, 0, 4]
[4, 16, 0, 0]
[8, 256, 4, 2]
[2, 4, 256, 8]

Iteration:  184
[2, 16, 4, 4]
[4, 256, 256, 2]
[8, 4, 0, 8]
[2, 4, 0, 0]

Iteration:  185
[2, 16, 4, 4]
[4, 256, 256, 2]
[8, 8, 0, 8]
[2, 0, 0, 2]

Iteration:  186
[0, 2, 16, 8]
[0, 4, 512, 2]
[0, 0, 8, 16]
[0, 0, 2, 4]

Iteration:  187
[2, 16, 8, 0]
[4, 512, 2, 4]
[8, 16, 0, 0]
[2, 4, 0, 0]

Iteration:  188
[2, 16, 0, 0]
[4, 512, 2, 0]
[8, 16, 8, 0]
[2, 4, 2, 4]

Iteration:  189
[2, 16, 2, 4]
[4, 512, 8, 4]
[8, 16, 2, 0]
[2, 4, 0, 0]

Iteration:  190
[2, 16, 2, 4]
[4, 512, 8, 4]
[0, 8, 16, 2]
[0, 4, 2, 4]

Iteration:  191
[2, 16, 2, 4]
[4, 512, 8, 4]
[8, 16, 2, 2]
[4, 2, 4, 0]

Iteration:  192
[2, 16, 2, 4]
[4, 512, 8, 4]
[8, 16, 4, 2]
[4, 2, 4, 0]

Iteration:  193
[2, 16, 2, 8]
[4, 512, 8, 2]
[8, 16, 8, 2]
[4, 2, 0, 0]

Iteration:  194
[2, 16, 2, 8]
[4, 512, 8, 2]
[8, 16, 8, 2]
[0, 4, 4, 2]

Iteration:  195
[2, 16, 2, 8]
[4, 512, 8, 2]
[8, 16, 8, 2]
[8, 2, 0, 2]

Iteration:  196
[2, 16, 2, 8]
[4, 512, 8, 2]
[8, 16, 8, 2]
[4, 0, 8, 4]

Iteration:  197
[2, 0, 0, 2]
[4, 16, 2, 8]
[8, 512, 8, 4]
[4, 16, 16, 4]

Iteration:  198
[4, 0, 0, 4]
[4, 16, 2, 8]
[8, 512, 8, 4]
[4, 32, 4, 0]

Iteration:  199
[16, 16, 2, 4]
[4, 512, 8, 8]
[0, 32, 4, 4]
[0, 4, 0, 0]

Iteration:  200
[0, 16, 0, 4]
[0, 512, 2, 4]
[16, 32, 8, 8]
[4, 4, 4, 4]

Iteration:  201
[16, 4, 4, 0]
[512, 2, 4, 0]
[16, 32, 16, 0]
[8, 8, 0, 0]

Iteration:  202
[16, 4, 8, 4]
[512, 2, 16, 0]
[16, 32, 0, 0]
[8, 8, 0, 0]

Iteration:  203
[16, 4, 8, 4]
[512, 2, 16, 0]
[16, 32, 0, 2]
[16, 0, 0, 0]

Iteration:  204
[0, 0, 0, 0]
[16, 4, 0, 2]
[512, 2, 8, 4]
[32, 32, 16, 2]

Iteration:  205
[0, 0, 4, 0]
[16, 4, 2, 0]
[512, 2, 8, 4]
[64, 16, 2, 0]

Iteration:  206
[4, 0, 0, 0]
[16, 4, 2, 2]
[512, 2, 8, 4]
[64, 16, 2, 0]

Iteration:  207
[4, 4, 2, 2]
[16, 2, 8, 4]
[512, 16, 2, 0]
[64, 0, 0, 2]

Iteration:  208
[2, 0, 4, 8]
[16, 2, 8, 4]
[0, 512, 16, 2]
[0, 0, 64, 2]

Iteration:  209
[0, 2, 4, 8]
[16, 2, 8, 4]
[0, 512, 16, 2]
[0, 2, 64, 2]

Iteration:  210
[16, 4, 4, 8]
[0, 512, 8, 4]
[0, 2, 16, 4]
[2, 0, 64, 0]

Iteration:  211
[4, 16, 8, 8]
[0, 512, 8, 4]
[0, 2, 16, 4]
[0, 0, 2, 64]

Iteration:  212
[4, 16, 16, 4]
[512, 8, 4, 0]
[2, 16, 4, 0]
[2, 64, 0, 0]

Iteration:  213
[4, 32, 4, 0]
[512, 8, 4, 0]
[2, 16, 4, 0]
[2, 64, 0, 2]

Iteration:  214
[4, 32, 4, 4]
[512, 8, 4, 0]
[2, 16, 4, 0]
[2, 64, 2, 0]

Iteration:  215
[0, 32, 0, 0]
[4, 8, 4, 2]
[512, 16, 8, 0]
[4, 64, 2, 4]

Iteration:  216
[0, 32, 2, 0]
[4, 8, 4, 0]
[512, 16, 8, 2]
[4, 64, 2, 4]

Iteration:  217
[0, 0, 32, 2]
[4, 4, 8, 4]
[512, 16, 8, 2]
[4, 64, 2, 4]

Iteration:  218
[4, 4, 32, 2]
[512, 16, 16, 4]
[4, 64, 2, 2]
[4, 0, 0, 4]

Iteration:  219
[0, 8, 32, 2]
[0, 512, 32, 4]
[0, 4, 64, 4]
[4, 0, 0, 8]

Iteration:  220
[4, 8, 128, 2]
[0, 512, 0, 16]
[0, 4, 0, 2]
[0, 0, 0, 0]

Iteration:  221
[4, 8, 128, 2]
[512, 16, 0, 0]
[4, 2, 0, 0]
[0, 2, 0, 0]

Iteration:  222
[4, 8, 128, 2]
[512, 16, 0, 4]
[4, 4, 0, 0]
[0, 0, 0, 0]

Iteration:  223
[4, 8, 128, 2]
[0, 512, 16, 4]
[0, 0, 0, 8]
[0, 0, 2, 0]

Iteration:  224
[0, 0, 2, 0]
[0, 0, 128, 2]
[0, 8, 16, 4]
[4, 512, 2, 8]

Iteration:  225
[0, 4, 0, 2]
[0, 0, 128, 2]
[0, 8, 16, 4]
[4, 512, 2, 8]

Iteration:  226
[4, 4, 128, 16]
[2, 8, 16, 0]
[0, 512, 2, 0]
[0, 0, 0, 0]

Iteration:  227
[0, 8, 128, 16]
[0, 2, 8, 16]
[0, 0, 512, 2]
[2, 0, 0, 0]

Iteration:  228
[2, 8, 128, 32]
[2, 2, 8, 2]
[0, 0, 512, 0]
[0, 0, 0, 0]

Iteration:  229
[0, 0, 4, 0]
[0, 0, 128, 0]
[0, 8, 8, 32]
[4, 2, 512, 2]

Iteration:  230
[0, 2, 0, 4]
[0, 0, 0, 128]
[0, 0, 16, 32]
[4, 2, 512, 2]

Iteration:  231
[4, 4, 16, 4]
[0, 0, 512, 128]
[0, 0, 0, 32]
[2, 0, 0, 2]

Iteration:  232
[0, 0, 0, 4]
[0, 0, 2, 128]
[4, 0, 16, 32]
[2, 4, 512, 2]

Iteration:  233
[4, 4, 2, 4]
[2, 0, 16, 128]
[0, 0, 512, 32]
[2, 0, 0, 2]

Iteration:  234
[2, 0, 0, 4]
[0, 0, 2, 128]
[0, 0, 16, 32]
[8, 4, 512, 2]

Iteration:  235
[2, 4, 4, 0]
[2, 128, 0, 0]
[16, 32, 0, 0]
[8, 4, 512, 2]

Iteration:  236
[0, 4, 0, 0]
[4, 128, 0, 0]
[16, 32, 4, 4]
[8, 4, 512, 2]

Iteration:  237
[4, 4, 4, 4]
[16, 128, 512, 2]
[8, 32, 4, 0]
[0, 4, 0, 0]

Iteration:  238
[8, 8, 0, 0]
[16, 128, 512, 2]
[8, 32, 4, 4]
[4, 0, 0, 0]

Iteration:  239
[8, 8, 512, 2]
[16, 128, 4, 4]
[8, 32, 0, 0]
[4, 0, 4, 0]

Iteration:  240
[8, 8, 512, 2]
[16, 128, 8, 4]
[8, 32, 2, 0]
[4, 0, 0, 0]

Iteration:  241
[16, 512, 2, 0]
[16, 128, 8, 4]
[8, 32, 2, 4]
[4, 0, 0, 0]

Iteration:  242
[0, 16, 512, 2]
[16, 128, 8, 4]
[8, 32, 2, 4]
[0, 0, 4, 4]

Iteration:  243
[16, 512, 2, 0]
[16, 128, 8, 4]
[8, 32, 2, 4]
[8, 4, 0, 0]

Iteration:  244
[0, 512, 0, 0]
[4, 128, 2, 0]
[16, 32, 8, 0]
[32, 4, 2, 8]

Iteration:  245
[4, 512, 2, 8]
[16, 128, 8, 0]
[32, 32, 2, 0]
[2, 4, 0, 0]

Iteration:  246
[4, 512, 0, 0]
[16, 128, 2, 4]
[32, 32, 8, 0]
[2, 4, 2, 8]

Iteration:  247
[4, 512, 2, 4]
[16, 128, 8, 8]
[32, 32, 2, 2]
[2, 4, 0, 0]

Iteration:  248
[4, 512, 2, 4]
[0, 16, 128, 16]
[0, 0, 64, 4]
[4, 0, 2, 4]

Iteration:  249
[8, 512, 2, 4]
[0, 16, 128, 16]
[4, 0, 64, 8]
[0, 0, 2, 0]

Iteration:  250
[8, 512, 2, 4]
[4, 16, 128, 16]
[4, 0, 64, 8]
[0, 0, 2, 0]

Iteration:  251
[8, 512, 2, 4]
[8, 16, 128, 16]
[0, 0, 64, 8]
[0, 4, 2, 0]

Iteration:  252
[8, 512, 2, 4]
[8, 16, 128, 16]
[64, 8, 0, 2]
[4, 2, 0, 0]

Iteration:  253
[0, 512, 4, 0]
[16, 16, 0, 4]
[64, 8, 2, 16]
[4, 2, 128, 2]

Iteration:  254
[0, 512, 4, 0]
[16, 16, 4, 4]
[64, 8, 2, 16]
[4, 2, 128, 2]

Iteration:  255
[512, 4, 2, 0]
[32, 8, 0, 0]
[64, 8, 2, 16]
[4, 2, 128, 2]

Iteration:  256
[512, 2, 0, 0]
[32, 4, 0, 0]
[64, 16, 4, 16]
[4, 2, 128, 2]

Iteration:  257
[512, 2, 4, 16]
[32, 4, 128, 2]
[64, 16, 0, 0]
[4, 2, 2, 0]

Iteration:  258
[512, 2, 4, 16]
[32, 4, 128, 2]
[0, 0, 64, 16]
[0, 0, 2, 8]

Iteration:  259
[512, 2, 4, 16]
[32, 4, 128, 2]
[64, 16, 0, 0]
[2, 8, 2, 0]

Iteration:  260
[512, 2, 2, 0]
[32, 4, 4, 0]
[64, 16, 128, 16]
[2, 8, 2, 2]

Iteration:  261
[512, 4, 0, 0]
[32, 8, 0, 4]
[64, 16, 128, 16]
[2, 8, 4, 0]

Iteration:  262
[512, 4, 128, 4]
[32, 8, 4, 16]
[64, 16, 0, 0]
[2, 8, 0, 2]

Iteration:  263
[512, 4, 128, 4]
[32, 8, 4, 16]
[64, 16, 0, 2]
[2, 8, 2, 0]

Iteration:  264
[512, 4, 0, 2]
[32, 8, 128, 4]
[64, 16, 4, 16]
[2, 8, 2, 2]

Iteration:  265
[512, 4, 128, 2]
[32, 8, 4, 4]
[64, 16, 2, 16]
[2, 8, 4, 2]

Iteration:  266
[512, 4, 128, 2]
[32, 8, 8, 4]
[64, 16, 2, 16]
[2, 8, 4, 2]

Iteration:  267
[512, 4, 128, 2]
[32, 16, 4, 2]
[64, 16, 2, 16]
[2, 8, 4, 2]

Iteration:  268
[512, 4, 128, 4]
[32, 32, 4, 16]
[64, 8, 2, 2]
[2, 0, 4, 2]

Iteration:  269
[512, 4, 128, 4]
[0, 64, 4, 16]
[2, 64, 8, 4]
[0, 2, 4, 2]

Iteration:  270
[512, 4, 128, 4]
[2, 128, 4, 16]
[4, 2, 8, 4]
[0, 0, 4, 2]

Iteration:  271
[512, 4, 128, 4]
[2, 128, 4, 16]
[4, 2, 8, 4]
[4, 2, 2, 0]

Iteration:  272
[512, 4, 128, 4]
[2, 128, 4, 16]
[4, 2, 8, 4]
[4, 4, 0, 2]

Iteration:  273
[2, 4, 0, 4]
[512, 128, 128, 16]
[2, 2, 4, 4]
[8, 4, 8, 2]

Iteration:  274
[2, 8, 2, 0]
[512, 256, 16, 0]
[8, 4, 0, 0]
[8, 4, 8, 2]

Iteration:  275
[2, 8, 2, 2]
[512, 256, 16, 0]
[16, 8, 8, 0]
[0, 0, 0, 4]

Iteration:  276
[0, 2, 8, 4]
[0, 512, 256, 16]
[0, 0, 0, 32]
[0, 2, 0, 4]

Iteration:  277
[2, 8, 4, 0]
[512, 256, 16, 0]
[32, 0, 0, 0]
[2, 4, 4, 0]

Iteration:  278
[2, 8, 4, 0]
[512, 256, 16, 0]
[32, 4, 4, 2]
[2, 0, 0, 0]

Iteration:  279
[2, 8, 4, 0]
[512, 256, 16, 0]
[32, 8, 2, 0]
[2, 0, 4, 0]

Iteration:  280
[2, 8, 4, 0]
[512, 256, 16, 0]
[32, 8, 2, 0]
[2, 4, 2, 0]

Iteration:  281
[2, 8, 0, 4]
[512, 256, 4, 0]
[32, 8, 16, 0]
[2, 4, 4, 0]

Iteration:  282
[2, 8, 4, 0]
[512, 256, 4, 0]
[32, 8, 16, 0]
[2, 8, 2, 0]

Iteration:  283
[0, 2, 8, 4]
[0, 512, 256, 4]
[4, 32, 8, 16]
[0, 2, 8, 2]

Iteration:  284
[0, 2, 0, 0]
[2, 512, 8, 8]
[0, 32, 256, 16]
[4, 2, 16, 2]

Iteration:  285
[0, 0, 4, 2]
[0, 2, 512, 16]
[0, 32, 256, 16]
[4, 2, 16, 2]

Iteration:  286
[4, 2, 0, 0]
[2, 512, 16, 0]
[32, 256, 16, 4]
[4, 2, 16, 2]

Iteration:  287
[2, 0, 4, 2]
[0, 2, 512, 16]
[32, 256, 16, 4]
[4, 2, 16, 2]

Iteration:  288
[2, 4, 2, 4]
[2, 512, 16, 0]
[32, 256, 16, 4]
[4, 2, 16, 2]

Iteration:  289
[0, 4, 0, 4]
[4, 512, 2, 0]
[32, 256, 16, 8]
[4, 2, 32, 2]

Iteration:  290
[8, 0, 2, 0]
[4, 512, 2, 0]
[32, 256, 16, 8]
[4, 2, 32, 2]

Iteration:  291
[8, 512, 4, 8]
[4, 256, 16, 2]
[32, 2, 32, 0]
[4, 0, 4, 0]

Iteration:  292
[8, 512, 4, 8]
[4, 256, 16, 2]
[32, 2, 32, 0]
[8, 4, 0, 0]

Iteration:  293
[8, 512, 4, 8]
[4, 256, 16, 2]
[0, 32, 2, 32]
[0, 2, 8, 4]

Iteration:  294
[8, 512, 4, 8]
[4, 256, 16, 2]
[32, 2, 32, 4]
[2, 8, 4, 0]

Iteration:  295
[8, 512, 4, 2]
[4, 256, 16, 8]
[32, 2, 32, 2]
[2, 8, 4, 4]

Iteration:  296
[8, 512, 4, 2]
[4, 256, 16, 8]
[32, 2, 32, 2]
[0, 2, 2, 16]

Iteration:  297
[0, 2, 4, 2]
[8, 512, 16, 8]
[4, 256, 32, 2]
[32, 4, 2, 16]

Iteration:  298
[8, 2, 4, 2]
[4, 512, 16, 8]
[32, 256, 32, 2]
[4, 4, 2, 16]

Iteration:  299
[8, 2, 4, 2]
[4, 512, 16, 8]
[32, 256, 32, 2]
[8, 2, 16, 4]