Iteration:  0
[0, 0, 0, 2]
[0, 0, 0, 0]
[0, 0, 2, 0]
[0, 0, 0, 0]

Iteration:  1
[0, 0, 2, 0]
[0, 0, 0, 0]
[0, 0, 0, 0]
[0, 0, 2, 2]

Iteration:  2
[0, 0, 4, 2]
[0, 0, 0, 0]
[0, 0, 0, 0]
[4, 0, 0, 0]

Iteration:  3
[0, 0, 0, 0]
[0, 0, 0, 4]
[0, 0, 0, 0]
[4, 0, 4, 2]

Iteration:  4
[0, 2, 0, 0]
[4, 0, 0, 0]
[0, 0, 0, 0]
[8, 2, 0, 0]

Iteration:  5
[0, 0, 0, 2]
[0, 0, 0, 0]
[4, 0, 0, 0]
[8, 4, 0, 0]

Iteration:  6
[4, 4, 0, 2]
[8, 0, 0, 0]
[0, 0, 0, 0]
[0, 2, 0, 0]

Iteration:  7
[0, 0, 8, 2]
[0, 0, 0, 8]
[0, 0, 0, 0]
[0, 0, 2, 2]

Iteration:  8
[0, 0, 8, 2]
[0, 4, 2, 8]
[0, 0, 0, 2]
[0, 0, 0, 0]

Iteration:  9
[8, 2, 0, 0]
[4, 2, 8, 0]
[2, 0, 2, 0]
[0, 0, 0, 0]

Iteration:  10
[8, 2, 0, 0]
[4, 2, 8, 0]
[4, 4, 0, 0]
[0, 0, 0, 0]

Iteration:  11
[8, 2, 0, 0]
[4, 2, 8, 0]
[8, 0, 0, 0]
[0, 0, 0, 4]

Iteration:  12
[8, 2, 0, 0]
[4, 2, 8, 4]
[8, 0, 0, 0]
[4, 0, 0, 0]

Iteration:  13
[8, 0, 4, 0]
[4, 0, 0, 0]
[8, 0, 0, 0]
[4, 4, 8, 4]

Iteration:  14
[8, 4, 0, 0]
[4, 0, 0, 0]
[8, 0, 0, 0]
[16, 4, 0, 2]

Iteration:  15
[0, 0, 8, 4]
[0, 0, 0, 4]
[2, 0, 0, 8]
[0, 16, 4, 2]

Iteration:  16
[0, 0, 8, 4]
[0, 0, 4, 4]
[0, 0, 2, 8]
[0, 16, 4, 2]

Iteration:  17
[8, 4, 0, 0]
[8, 0, 0, 0]
[2, 8, 0, 0]
[16, 4, 2, 2]

Iteration:  18
[8, 4, 0, 2]
[8, 0, 0, 0]
[2, 8, 0, 0]
[16, 4, 4, 0]

Iteration:  19
[0, 8, 4, 2]
[0, 0, 4, 8]
[0, 0, 2, 8]
[0, 0, 16, 8]

Iteration:  20
[0, 8, 8, 2]
[0, 2, 2, 16]
[0, 0, 16, 8]
[0, 0, 0, 0]

Iteration:  21
[4, 0, 0, 0]
[0, 0, 8, 2]
[0, 8, 2, 16]
[0, 2, 16, 8]

Iteration:  22
[0, 0, 0, 4]
[0, 0, 8, 2]
[2, 8, 2, 16]
[0, 2, 16, 8]

Iteration:  23
[2, 8, 8, 4]
[0, 2, 2, 2]
[0, 4, 16, 16]
[0, 0, 0, 8]

Iteration:  24
[2, 16, 4, 0]
[4, 2, 0, 0]
[4, 32, 0, 0]
[8, 0, 0, 2]

Iteration:  25
[0, 2, 0, 0]
[2, 16, 0, 0]
[8, 2, 0, 0]
[8, 32, 4, 2]

Iteration:  26
[0, 2, 0, 4]
[0, 16, 0, 0]
[2, 2, 0, 0]
[16, 32, 4, 2]

Iteration:  27
[2, 2, 4, 4]
[16, 16, 0, 2]
[0, 2, 2, 0]
[0, 32, 0, 0]

Iteration:  28
[8, 4, 0, 0]
[32, 2, 0, 0]
[4, 2, 0, 0]
[32, 0, 0, 0]

Iteration:  29
[8, 0, 0, 0]
[32, 0, 0, 0]
[4, 4, 0, 0]
[32, 8, 0, 0]

Iteration:  30
[0, 0, 0, 8]
[0, 0, 0, 32]
[0, 0, 0, 8]
[4, 0, 32, 8]

Iteration:  31
[4, 0, 32, 8]
[2, 0, 0, 32]
[0, 0, 0, 16]
[0, 0, 0, 0]

Iteration:  32
[0, 0, 0, 0]
[0, 2, 0, 8]
[4, 0, 0, 32]
[2, 0, 32, 16]

Iteration:  33
[0, 0, 0, 0]
[4, 0, 0, 8]
[4, 0, 0, 32]
[2, 2, 32, 16]

Iteration:  34
[8, 2, 32, 8]
[2, 0, 0, 32]
[0, 0, 0, 16]
[2, 0, 0, 0]

Iteration:  35
[0, 0, 0, 0]
[0, 0, 0, 8]
[8, 4, 0, 32]
[4, 2, 32, 16]

Iteration:  36
[0, 2, 0, 0]
[0, 0, 0, 8]
[0, 8, 4, 32]
[4, 2, 32, 16]

Iteration:  37
[4, 2, 4, 8]
[4, 8, 32, 32]
[0, 2, 0, 16]
[0, 0, 0, 0]

Iteration:  38
[4, 0, 0, 0]
[0, 2, 0, 8]
[0, 8, 4, 32]
[8, 2, 32, 16]

Iteration:  39
[4, 0, 4, 0]
[2, 8, 0, 0]
[8, 4, 32, 0]
[8, 2, 32, 16]

Iteration:  40
[0, 0, 4, 8]
[0, 0, 2, 8]
[0, 8, 4, 32]
[8, 2, 32, 16]

Iteration:  41
[4, 8, 0, 4]
[2, 8, 0, 0]
[8, 4, 32, 0]
[8, 2, 32, 16]

Iteration:  42
[0, 0, 2, 0]
[4, 16, 0, 0]
[2, 4, 0, 4]
[16, 2, 64, 16]

Iteration:  43
[0, 0, 0, 2]
[4, 16, 0, 0]
[2, 4, 2, 4]
[16, 2, 64, 16]

Iteration:  44
[2, 0, 2, 0]
[4, 16, 0, 0]
[2, 4, 2, 4]
[16, 2, 64, 16]

Iteration:  45
[2, 16, 4, 4]
[4, 4, 64, 16]
[2, 2, 0, 2]
[16, 0, 0, 0]

Iteration:  46
[2, 0, 0, 4]
[4, 16, 0, 4]
[2, 4, 4, 16]
[16, 2, 64, 2]

Iteration:  47
[0, 2, 2, 4]
[0, 4, 16, 4]
[0, 2, 8, 16]
[16, 2, 64, 2]

Iteration:  48
[8, 0, 0, 0]
[4, 16, 4, 0]
[2, 8, 16, 4]
[16, 2, 64, 2]

Iteration:  49
[2, 0, 0, 8]
[0, 4, 16, 4]
[2, 8, 16, 4]
[16, 2, 64, 2]

Iteration:  50
[2, 0, 2, 8]
[0, 4, 16, 4]
[2, 8, 16, 4]
[16, 2, 64, 2]

Iteration:  51
[4, 4, 2, 8]
[16, 8, 32, 8]
[0, 2, 64, 2]
[0, 0, 0, 4]

Iteration:  52
[0, 0, 0, 4]
[0, 4, 2, 16]
[4, 8, 32, 2]
[16, 2, 64, 4]

Iteration:  53
[4, 0, 4, 0]
[4, 2, 16, 0]
[4, 8, 32, 2]
[16, 2, 64, 4]

Iteration:  54
[8, 2, 4, 2]
[4, 8, 16, 4]
[16, 2, 32, 0]
[0, 4, 64, 0]

Iteration:  55
[8, 2, 4, 2]
[4, 8, 16, 4]
[0, 16, 2, 32]
[4, 0, 4, 64]

Iteration:  56
[8, 2, 4, 2]
[4, 8, 16, 4]
[0, 16, 2, 32]
[0, 4, 8, 64]

Iteration:  57
[8, 2, 4, 2]
[4, 8, 16, 4]
[16, 2, 32, 4]
[4, 8, 64, 0]

Iteration:  58
[8, 2, 4, 2]
[4, 8, 16, 4]
[16, 2, 32, 4]
[2, 4, 8, 64]

Iteration:  59
[8, 2, 4, 2]
[4, 8, 16, 2]
[16, 2, 32, 8]
[2, 4, 8, 64]

Iteration:  60
[8, 2, 4, 4]
[4, 8, 16, 4]
[16, 2, 32, 8]
[2, 4, 8, 64]

Iteration:  61
[8, 2, 8, 2]
[4, 8, 16, 4]
[16, 2, 32, 8]
[2, 4, 8, 64]
