Iteration:  0
[2, 0, 0, 0]
[0, 2, 0, 0]
[0, 0, 0, 0]
[0, 0, 0, 0]

Iteration:  1
[2, 0, 0, 2]
[2, 0, 0, 0]
[0, 0, 0, 0]
[0, 0, 0, 0]

Iteration:  2
[4, 0, 0, 0]
[2, 4, 0, 0]
[0, 0, 0, 0]
[0, 0, 0, 0]

Iteration:  3
[0, 0, 0, 4]
[0, 0, 2, 4]
[0, 0, 0, 0]
[0, 0, 2, 0]

Iteration:  4
[0, 0, 0, 4]
[0, 0, 2, 4]
[2, 0, 0, 0]
[0, 0, 0, 2]

Iteration:  5
[4, 0, 0, 0]
[2, 4, 0, 0]
[2, 0, 0, 0]
[2, 2, 0, 0]

Iteration:  6
[4, 0, 0, 0]
[4, 0, 0, 0]
[2, 4, 0, 0]
[4, 2, 0, 0]

Iteration:  7
[8, 4, 0, 0]
[2, 2, 0, 0]
[4, 0, 0, 0]
[0, 0, 0, 4]

Iteration:  8
[0, 0, 8, 4]
[0, 0, 4, 4]
[0, 0, 0, 4]
[0, 0, 0, 4]

Iteration:  9
[0, 0, 8, 4]
[0, 0, 0, 8]
[0, 0, 0, 4]
[0, 4, 0, 4]

Iteration:  10
[2, 0, 0, 0]
[0, 0, 0, 0]
[0, 0, 0, 4]
[0, 4, 8, 16]

Iteration:  11
[2, 4, 8, 4]
[0, 0, 0, 16]
[0, 2, 0, 0]
[0, 0, 0, 0]

Iteration:  12
[2, 4, 8, 4]
[0, 0, 0, 16]
[0, 0, 0, 2]
[0, 0, 2, 0]

Iteration:  13
[2, 4, 8, 4]
[16, 0, 4, 0]
[2, 0, 0, 0]
[2, 0, 0, 0]

Iteration:  14
[0, 0, 0, 2]
[2, 0, 0, 0]
[16, 0, 8, 0]
[4, 4, 4, 4]

Iteration:  15
[2, 4, 8, 2]
[16, 0, 4, 4]
[4, 0, 0, 0]
[0, 0, 2, 0]

Iteration:  16
[2, 4, 8, 2]
[16, 4, 4, 4]
[4, 0, 2, 0]
[0, 0, 0, 0]

Iteration:  17
[2, 8, 8, 2]
[16, 0, 4, 4]
[4, 0, 2, 0]
[0, 0, 2, 0]

Iteration:  18
[2, 16, 2, 4]
[16, 8, 0, 0]
[4, 2, 0, 0]
[2, 0, 0, 0]

Iteration:  19
[2, 16, 2, 4]
[0, 2, 16, 8]
[0, 0, 4, 2]
[0, 0, 0, 2]

Iteration:  20
[2, 16, 2, 4]
[2, 2, 16, 8]
[0, 0, 4, 4]
[0, 0, 0, 0]

Iteration:  21
[2, 16, 2, 4]
[4, 16, 8, 0]
[8, 0, 0, 0]
[0, 0, 2, 0]

Iteration:  22
[0, 0, 0, 2]
[2, 0, 2, 0]
[4, 0, 8, 0]
[8, 32, 2, 4]

Iteration:  23
[0, 0, 4, 2]
[0, 0, 0, 4]
[0, 0, 4, 8]
[8, 32, 2, 4]

Iteration:  24
[8, 32, 8, 2]
[0, 0, 2, 4]
[0, 0, 0, 8]
[0, 0, 2, 4]

Iteration:  25
[8, 32, 8, 2]
[0, 0, 4, 4]
[0, 0, 0, 8]
[0, 4, 0, 4]

Iteration:  26
[4, 0, 0, 2]
[0, 0, 0, 4]
[0, 32, 8, 8]
[8, 4, 4, 4]

Iteration:  27
[4, 2, 2, 0]
[4, 0, 0, 0]
[32, 16, 0, 0]
[8, 8, 4, 0]

Iteration:  28
[8, 2, 2, 0]
[32, 16, 4, 0]
[8, 8, 0, 0]
[0, 0, 4, 0]

Iteration:  29
[0, 4, 8, 4]
[0, 32, 16, 4]
[0, 0, 0, 16]
[0, 0, 0, 4]

Iteration:  30
[0, 4, 8, 8]
[0, 32, 16, 16]
[2, 0, 0, 4]
[0, 0, 0, 0]

Iteration:  31
[4, 16, 0, 0]
[32, 32, 0, 0]
[2, 4, 0, 0]
[0, 0, 0, 2]

Iteration:  32
[4, 16, 0, 2]
[32, 32, 0, 0]
[2, 4, 0, 0]
[4, 0, 0, 0]

Iteration:  33
[4, 0, 0, 0]
[32, 16, 0, 0]
[2, 32, 0, 0]
[4, 4, 4, 2]

Iteration:  34
[4, 0, 0, 0]
[32, 16, 0, 0]
[2, 32, 0, 4]
[8, 4, 2, 0]

Iteration:  35
[4, 16, 2, 4]
[32, 32, 0, 2]
[2, 4, 0, 0]
[8, 0, 0, 0]

Iteration:  36
[4, 4, 0, 0]
[32, 16, 0, 0]
[2, 32, 0, 4]
[8, 4, 2, 2]

Iteration:  37
[8, 0, 2, 0]
[32, 16, 0, 0]
[2, 32, 4, 0]
[8, 4, 4, 0]

Iteration:  38
[8, 16, 2, 2]
[32, 32, 8, 0]
[2, 4, 0, 0]
[8, 0, 0, 0]

Iteration:  39
[8, 16, 4, 0]
[64, 8, 4, 0]
[2, 4, 0, 0]
[8, 0, 0, 0]

Iteration:  40
[0, 8, 16, 4]
[0, 64, 8, 4]
[2, 0, 2, 4]
[0, 0, 0, 8]

Iteration:  41
[4, 0, 0, 0]
[0, 0, 16, 4]
[0, 8, 8, 8]
[2, 64, 2, 8]

Iteration:  42
[0, 4, 0, 0]
[0, 0, 16, 0]
[4, 8, 8, 4]
[2, 64, 2, 16]

Iteration:  43
[4, 4, 16, 4]
[2, 8, 8, 16]
[0, 64, 2, 0]
[0, 0, 0, 2]

Iteration:  44
[8, 16, 4, 0]
[2, 32, 0, 0]
[64, 2, 0, 0]
[2, 0, 0, 4]

Iteration:  45
[8, 16, 4, 4]
[2, 32, 0, 0]
[64, 2, 0, 0]
[2, 0, 2, 0]

Iteration:  46
[0, 8, 16, 8]
[0, 2, 2, 32]
[0, 0, 64, 2]
[0, 0, 0, 4]

Iteration:  47
[0, 4, 0, 8]
[0, 0, 16, 32]
[0, 8, 2, 2]
[0, 2, 64, 4]

Iteration:  48
[0, 4, 16, 8]
[4, 8, 2, 32]
[0, 2, 64, 2]
[0, 0, 0, 4]

Iteration:  49
[4, 4, 16, 8]
[0, 8, 2, 32]
[0, 2, 64, 2]
[0, 2, 0, 4]

Iteration:  50
[8, 16, 8, 0]
[8, 2, 32, 0]
[2, 64, 2, 0]
[2, 4, 0, 2]

Iteration:  51
[8, 16, 8, 2]
[8, 2, 32, 0]
[2, 64, 2, 0]
[2, 4, 2, 0]

Iteration:  52
[16, 16, 8, 2]
[4, 2, 32, 0]
[2, 64, 4, 0]
[0, 4, 0, 0]

Iteration:  53
[2, 32, 8, 2]
[0, 4, 2, 32]
[0, 2, 64, 4]
[0, 0, 0, 4]

Iteration:  54
[2, 32, 8, 2]
[4, 2, 32, 0]
[2, 64, 4, 0]
[4, 0, 2, 0]

Iteration:  55
[2, 0, 8, 0]
[4, 32, 32, 0]
[2, 2, 4, 2]
[4, 64, 2, 2]

Iteration:  56
[2, 0, 8, 0]
[4, 32, 32, 2]
[2, 2, 4, 0]
[4, 64, 2, 4]

Iteration:  57
[2, 0, 2, 8]
[0, 4, 64, 2]
[0, 0, 4, 4]
[4, 64, 2, 4]

Iteration:  58
[2, 4, 2, 8]
[4, 64, 64, 2]
[0, 2, 4, 8]
[0, 0, 2, 0]

Iteration:  59
[0, 0, 2, 0]
[4, 4, 64, 8]
[2, 64, 4, 2]
[4, 2, 2, 8]

Iteration:  60
[4, 4, 2, 8]
[2, 64, 64, 2]
[4, 2, 4, 8]
[2, 0, 2, 0]

Iteration:  61
[8, 2, 8, 2]
[2, 128, 2, 0]
[4, 2, 4, 8]
[4, 0, 0, 0]

Iteration:  62
[8, 2, 8, 2]
[2, 128, 2, 8]
[8, 2, 4, 0]
[4, 0, 0, 0]

Iteration:  63
[8, 2, 8, 2]
[2, 128, 2, 8]
[4, 8, 2, 4]
[0, 0, 0, 4]

Iteration:  64
[8, 2, 8, 2]
[2, 128, 4, 8]
[4, 8, 0, 8]
[0, 2, 0, 0]

Iteration:  65
[8, 2, 8, 2]
[2, 128, 4, 8]
[4, 16, 0, 0]
[2, 4, 0, 0]

Iteration:  66
[8, 2, 0, 0]
[2, 128, 2, 0]
[4, 16, 8, 2]
[2, 4, 4, 8]

Iteration:  67
[0, 0, 8, 2]
[0, 2, 128, 2]
[4, 16, 8, 2]
[4, 2, 8, 8]

Iteration:  68
[4, 0, 0, 0]
[0, 2, 8, 2]
[0, 16, 128, 4]
[8, 2, 16, 8]

Iteration:  69
[4, 2, 0, 0]
[2, 8, 2, 0]
[16, 128, 4, 0]
[8, 2, 16, 8]

Iteration:  70
[4, 2, 2, 8]
[2, 8, 4, 4]
[16, 128, 16, 0]
[8, 2, 0, 0]

Iteration:  71
[0, 0, 8, 8]
[0, 0, 2, 16]
[2, 16, 128, 16]
[0, 0, 8, 2]

Iteration:  72
[16, 0, 2, 0]
[2, 16, 0, 0]
[2, 16, 128, 16]
[8, 2, 0, 0]

Iteration:  73
[0, 0, 16, 2]
[0, 0, 2, 16]
[2, 16, 128, 16]
[4, 0, 8, 2]

Iteration:  74
[2, 16, 16, 2]
[4, 4, 2, 32]
[0, 0, 128, 2]
[0, 0, 8, 0]

Iteration:  75
[0, 0, 16, 0]
[2, 0, 2, 2]
[2, 16, 128, 32]
[4, 4, 8, 2]

Iteration:  76
[8, 16, 16, 2]
[0, 4, 2, 32]
[0, 4, 128, 2]
[0, 0, 8, 0]

Iteration:  77
[8, 32, 2, 0]
[4, 2, 32, 0]
[4, 128, 2, 2]
[8, 0, 0, 0]

Iteration:  78
[0, 4, 0, 0]
[0, 32, 2, 0]
[16, 2, 32, 0]
[8, 128, 2, 2]

Iteration:  79
[4, 0, 2, 0]
[32, 2, 0, 0]
[16, 2, 32, 0]
[8, 128, 4, 0]

Iteration:  80
[4, 4, 2, 0]
[32, 128, 32, 2]
[16, 0, 4, 0]
[8, 0, 0, 0]

Iteration:  81
[4, 0, 4, 0]
[32, 0, 2, 0]
[16, 4, 32, 0]
[8, 128, 4, 2]

Iteration:  82
[4, 4, 4, 2]
[32, 128, 2, 4]
[16, 0, 32, 0]
[8, 0, 4, 0]

Iteration:  83
[8, 4, 2, 0]
[32, 128, 2, 4]
[16, 32, 0, 2]
[8, 4, 0, 0]

Iteration:  84
[8, 4, 0, 0]
[32, 128, 0, 0]
[16, 32, 2, 4]
[8, 4, 4, 2]

Iteration:  85
[8, 4, 4, 0]
[32, 128, 0, 0]
[16, 32, 2, 4]
[8, 8, 2, 0]

Iteration:  86
[8, 4, 2, 0]
[32, 128, 0, 0]
[16, 32, 0, 0]
[8, 8, 8, 4]

Iteration:  87
[4, 8, 4, 2]
[0, 0, 32, 128]
[0, 0, 16, 32]
[0, 8, 16, 4]

Iteration:  88
[2, 0, 0, 2]
[0, 0, 0, 128]
[0, 0, 4, 32]
[4, 16, 64, 4]

Iteration:  89
[2, 16, 4, 2]
[4, 0, 64, 128]
[0, 4, 0, 32]
[0, 0, 0, 4]

Iteration:  90
[2, 16, 4, 2]
[0, 4, 64, 128]
[0, 4, 4, 32]
[0, 0, 0, 4]

Iteration:  91
[2, 16, 4, 2]
[0, 8, 64, 128]
[2, 0, 4, 32]
[0, 0, 0, 4]

Iteration:  92
[2, 16, 4, 2]
[8, 64, 128, 0]
[2, 4, 32, 0]
[4, 0, 2, 0]

Iteration:  93
[2, 16, 4, 2]
[8, 64, 128, 0]
[2, 4, 32, 0]
[4, 0, 2, 0]

Iteration:  94
[2, 0, 4, 0]
[8, 16, 128, 0]
[2, 64, 32, 2]
[4, 4, 2, 2]

Iteration:  95
[2, 0, 4, 0]
[8, 16, 128, 4]
[2, 64, 32, 0]
[4, 4, 2, 4]

Iteration:  96
[2, 4, 4, 0]
[8, 16, 128, 0]
[2, 64, 32, 0]
[4, 4, 2, 8]

Iteration:  97
[2, 4, 4, 8]
[8, 16, 128, 0]
[2, 64, 32, 2]
[4, 4, 2, 0]

Iteration:  98
[2, 4, 4, 8]
[8, 16, 128, 2]
[2, 64, 32, 2]
[4, 4, 2, 0]

Iteration:  99
[2, 4, 4, 8]
[8, 16, 128, 4]
[2, 64, 32, 4]
[4, 4, 2, 0]

Iteration:  100
[2, 4, 4, 0]
[8, 16, 128, 0]
[2, 64, 32, 2]
[4, 4, 2, 16]

Iteration:  101
[0, 0, 2, 8]
[0, 8, 16, 128]
[2, 64, 32, 2]
[4, 8, 2, 16]

Iteration:  102
[2, 8, 2, 8]
[4, 64, 16, 128]
[0, 8, 32, 2]
[2, 0, 2, 16]

Iteration:  103
[2, 8, 2, 8]
[4, 64, 16, 128]
[2, 8, 32, 2]
[0, 4, 2, 16]

Iteration:  104
[4, 8, 2, 8]
[2, 64, 16, 128]
[4, 8, 32, 2]
[2, 4, 2, 16]

Max Square Value: 128
Total Square Sum: 302
Total Merge Score: 1188
Iteration:  0
[4, 0, 0, 0]
[0, 2, 0, 0]
[0, 0, 0, 0]
[0, 0, 0, 0]

Iteration:  1
[0, 0, 0, 4]
[0, 4, 0, 2]
[0, 0, 0, 0]
[0, 0, 0, 0]

Iteration:  2
[0, 0, 0, 0]
[0, 0, 0, 4]
[0, 0, 0, 4]
[0, 4, 0, 2]

Iteration:  3
[0, 0, 0, 4]
[0, 0, 0, 4]
[0, 0, 0, 4]
[0, 0, 4, 2]

Iteration:  4
[0, 0, 4, 8]
[0, 0, 0, 4]
[4, 0, 0, 2]
[0, 0, 0, 0]

Iteration:  5
[4, 0, 4, 8]
[0, 0, 0, 4]
[2, 0, 0, 2]
[0, 0, 0, 0]

Iteration:  6
[4, 0, 4, 8]
[2, 0, 2, 4]
[0, 0, 0, 2]
[0, 0, 0, 0]

Iteration:  7
[16, 0, 0, 0]
[8, 0, 0, 0]
[2, 0, 0, 0]
[0, 0, 0, 2]

Iteration:  8
[16, 0, 0, 0]
[8, 0, 0, 0]
[2, 0, 0, 0]
[2, 0, 2, 0]

Iteration:  9
[16, 0, 2, 0]
[8, 0, 0, 0]
[4, 0, 0, 0]
[0, 0, 2, 0]

Iteration:  10
[0, 2, 0, 0]
[16, 0, 0, 0]
[8, 0, 0, 0]
[4, 0, 4, 0]

Iteration:  11
[2, 0, 0, 0]
[16, 0, 0, 0]
[8, 0, 0, 0]
[4, 2, 4, 0]

Iteration:  12
[2, 2, 4, 0]
[16, 0, 2, 0]
[8, 0, 0, 0]
[4, 0, 0, 0]

Iteration:  13
[2, 0, 0, 0]
[16, 0, 0, 0]
[8, 0, 4, 4]
[4, 2, 2, 0]

Iteration:  14
[2, 0, 0, 0]
[16, 0, 4, 0]
[8, 0, 4, 0]
[4, 2, 2, 4]

Iteration:  15
[2, 4, 0, 0]
[16, 4, 0, 0]
[8, 4, 0, 0]
[4, 8, 0, 0]

Iteration:  16
[2, 8, 0, 0]
[16, 4, 0, 0]
[8, 8, 4, 0]
[4, 0, 0, 0]

Iteration:  17
[2, 8, 4, 0]
[16, 4, 4, 0]
[8, 8, 0, 0]
[4, 0, 0, 0]

Iteration:  18
[2, 0, 0, 0]
[16, 8, 0, 4]
[8, 4, 0, 0]
[4, 8, 8, 0]

Iteration:  19
[2, 8, 8, 4]
[16, 4, 4, 0]
[8, 8, 0, 0]
[4, 0, 0, 0]

Iteration:  20
[0, 2, 16, 4]
[0, 0, 16, 8]
[0, 0, 0, 16]
[0, 0, 4, 4]

Iteration:  21
[0, 2, 32, 4]
[0, 0, 4, 8]
[0, 0, 0, 16]
[2, 0, 0, 4]

Iteration:  22
[4, 0, 0, 4]
[0, 0, 0, 8]
[0, 0, 32, 16]
[2, 2, 4, 4]

Iteration:  23
[0, 0, 2, 4]
[0, 0, 0, 8]
[4, 0, 32, 16]
[2, 2, 4, 4]

Iteration:  24
[2, 4, 0, 0]
[8, 0, 0, 2]
[4, 32, 16, 0]
[8, 4, 0, 0]

Iteration:  25
[2, 4, 4, 0]
[8, 2, 0, 0]
[4, 32, 16, 0]
[8, 4, 0, 0]

Iteration:  26
[2, 4, 0, 0]
[8, 2, 0, 2]
[4, 32, 4, 0]
[8, 4, 16, 0]

Iteration:  27
[2, 4, 2, 0]
[8, 4, 0, 0]
[4, 32, 4, 0]
[8, 4, 16, 0]

Iteration:  28
[2, 0, 0, 4]
[8, 8, 2, 0]
[4, 32, 4, 0]
[8, 4, 16, 0]

Iteration:  29
[2, 0, 0, 4]
[8, 8, 2, 0]
[4, 32, 4, 0]
[8, 4, 16, 4]

Iteration:  30
[2, 8, 2, 8]
[8, 32, 4, 0]
[4, 4, 16, 0]
[8, 0, 2, 0]

Iteration:  31
[2, 8, 2, 8]
[0, 8, 32, 4]
[0, 2, 8, 16]
[0, 0, 8, 2]

Iteration:  32
[2, 16, 2, 8]
[0, 2, 32, 4]
[0, 0, 16, 16]
[0, 0, 4, 2]

Iteration:  33
[2, 16, 2, 8]
[0, 2, 32, 4]
[0, 0, 0, 32]
[2, 0, 4, 2]

Iteration:  34
[2, 16, 2, 8]
[2, 32, 4, 4]
[32, 0, 0, 0]
[2, 4, 2, 0]

Iteration:  35
[2, 16, 2, 8]
[2, 32, 8, 0]
[32, 4, 0, 0]
[2, 4, 2, 0]

Iteration:  36
[2, 16, 2, 8]
[0, 2, 32, 8]
[0, 0, 32, 4]
[4, 2, 4, 2]

Iteration:  37
[0, 2, 0, 0]
[0, 0, 2, 16]
[2, 16, 64, 4]
[4, 4, 4, 2]

Iteration:  38
[0, 4, 0, 2]
[0, 0, 2, 16]
[2, 16, 64, 4]
[0, 4, 8, 2]

Iteration:  39
[0, 0, 0, 2]
[4, 4, 2, 16]
[0, 16, 64, 4]
[2, 4, 8, 2]

Iteration:  40
[4, 4, 2, 2]
[2, 16, 64, 16]
[0, 4, 8, 4]
[0, 4, 0, 2]

Iteration:  41
[4, 4, 2, 2]
[2, 16, 64, 16]
[0, 8, 8, 4]
[0, 0, 2, 2]

Iteration:  42
[8, 4, 0, 2]
[2, 16, 64, 16]
[16, 4, 0, 0]
[4, 0, 0, 0]

Iteration:  43
[8, 4, 2, 0]
[2, 16, 64, 16]
[16, 4, 0, 0]
[4, 0, 2, 0]

Iteration:  44
[8, 4, 2, 0]
[2, 16, 64, 16]
[16, 4, 0, 4]
[4, 2, 0, 0]

Iteration:  45
[8, 4, 2, 4]
[2, 16, 64, 16]
[16, 8, 0, 0]
[4, 2, 0, 0]

Iteration:  46
[8, 4, 0, 0]
[2, 16, 2, 0]
[16, 8, 2, 4]
[4, 2, 64, 16]

Iteration:  47
[8, 4, 4, 4]
[2, 16, 64, 16]
[16, 8, 0, 0]
[4, 2, 4, 0]

Iteration:  48
[0, 8, 4, 8]
[2, 16, 64, 16]
[0, 0, 16, 8]
[2, 4, 2, 4]

Iteration:  49
[8, 4, 8, 0]
[2, 16, 64, 16]
[16, 8, 2, 0]
[2, 4, 2, 4]

Iteration:  50
[8, 4, 8, 16]
[2, 16, 64, 4]
[16, 8, 4, 4]
[2, 4, 0, 0]

Iteration:  51
[8, 4, 8, 16]
[2, 16, 64, 4]
[16, 8, 8, 0]
[2, 4, 2, 0]

Iteration:  52
[8, 4, 8, 16]
[2, 16, 64, 4]
[16, 8, 8, 0]
[2, 4, 2, 0]

Iteration:  53
[8, 4, 8, 16]
[2, 16, 64, 4]
[0, 4, 0, 32]
[0, 2, 4, 2]

Iteration:  54
[8, 4, 8, 16]
[2, 16, 64, 4]
[4, 32, 0, 4]
[2, 4, 2, 0]

Iteration:  55
[8, 4, 8, 16]
[2, 16, 64, 8]
[4, 32, 2, 0]
[2, 4, 2, 0]

Iteration:  56
[8, 4, 2, 0]
[2, 16, 8, 0]
[4, 32, 64, 16]
[2, 4, 4, 8]

Iteration:  57
[8, 4, 2, 16]
[2, 16, 8, 8]
[4, 32, 64, 2]
[2, 4, 4, 0]

Iteration:  58
[8, 4, 2, 16]
[2, 16, 16, 0]
[4, 32, 64, 2]
[2, 8, 2, 0]

Iteration:  59
[8, 4, 2, 16]
[0, 2, 2, 32]
[4, 32, 64, 2]
[0, 2, 8, 2]

Iteration:  60
[0, 4, 0, 4]
[0, 2, 4, 16]
[8, 32, 64, 32]
[4, 2, 8, 4]

Iteration:  61
[8, 4, 4, 4]
[4, 2, 64, 16]
[4, 32, 8, 32]
[0, 2, 0, 4]

Iteration:  62
[8, 4, 4, 4]
[8, 2, 64, 16]
[4, 32, 8, 32]
[0, 2, 0, 4]

Iteration:  63
[8, 8, 4, 2]
[8, 2, 64, 16]
[4, 32, 8, 32]
[2, 4, 0, 0]

Iteration:  64
[16, 8, 4, 2]
[4, 2, 64, 16]
[2, 32, 8, 32]
[0, 4, 2, 0]

Iteration:  65
[0, 8, 4, 2]
[16, 2, 64, 2]
[4, 32, 8, 16]
[2, 4, 2, 32]

Iteration:  66
[8, 4, 2, 2]
[16, 2, 64, 2]
[4, 32, 8, 16]
[2, 4, 2, 32]

Iteration:  67
[8, 4, 2, 4]
[16, 2, 64, 16]
[4, 32, 8, 32]
[2, 4, 2, 4]

Max Square Value: 64
Total Square Sum: 204
Total Merge Score: 588
Iteration:  0
[0, 4, 0, 0]
[2, 0, 0, 0]
[0, 0, 0, 0]
[0, 0, 0, 0]

Iteration:  1
[2, 4, 0, 0]
[0, 2, 0, 0]
[0, 0, 0, 0]
[0, 0, 0, 0]

Iteration:  2
[2, 0, 2, 4]
[0, 0, 0, 2]
[0, 0, 0, 0]
[0, 0, 0, 0]

Iteration:  3
[2, 0, 2, 4]
[0, 0, 0, 2]
[0, 0, 0, 0]
[0, 0, 0, 0]

Iteration:  4
[8, 0, 0, 0]
[2, 2, 0, 0]
[0, 0, 0, 0]
[0, 0, 0, 0]

Iteration:  5
[8, 0, 0, 0]
[4, 0, 0, 0]
[0, 0, 2, 0]
[0, 0, 0, 0]

Iteration:  6
[0, 0, 0, 0]
[0, 0, 0, 0]
[8, 0, 0, 0]
[4, 2, 2, 0]

Iteration:  7
[8, 2, 2, 0]
[4, 0, 0, 0]
[0, 0, 0, 2]
[0, 0, 0, 0]

Iteration:  8
[0, 0, 0, 0]
[0, 0, 0, 0]
[8, 4, 0, 0]
[4, 2, 2, 2]

Iteration:  9
[0, 0, 0, 0]
[0, 2, 0, 0]
[8, 4, 0, 0]
[4, 4, 2, 0]

Iteration:  10
[0, 0, 0, 0]
[2, 0, 0, 0]
[8, 4, 0, 0]
[8, 2, 0, 4]

Iteration:  11
[2, 4, 0, 4]
[16, 2, 0, 0]
[0, 0, 0, 0]
[0, 0, 2, 0]

Iteration:  12
[2, 8, 0, 0]
[16, 2, 0, 4]
[0, 0, 0, 0]
[2, 0, 0, 0]

Iteration:  13
[4, 0, 0, 0]
[2, 0, 0, 0]
[16, 8, 0, 0]
[2, 2, 0, 4]

Iteration:  14
[4, 8, 0, 4]
[2, 2, 0, 0]
[16, 0, 0, 0]
[2, 0, 0, 2]

Iteration:  15
[4, 8, 0, 4]
[2, 2, 0, 2]
[16, 0, 0, 0]
[2, 2, 0, 0]

Iteration:  16
[4, 8, 4, 2]
[4, 2, 0, 0]
[16, 0, 0, 0]
[4, 0, 0, 0]

Iteration:  17
[8, 8, 4, 2]
[16, 2, 0, 0]
[4, 0, 0, 0]
[4, 0, 0, 0]

Iteration:  18
[16, 4, 2, 0]
[16, 2, 0, 0]
[4, 0, 2, 0]
[4, 0, 0, 0]

Iteration:  19
[32, 4, 4, 2]
[8, 2, 0, 0]
[0, 0, 0, 0]
[0, 0, 0, 0]

Iteration:  20
[32, 8, 2, 0]
[8, 2, 0, 2]
[0, 0, 0, 0]
[0, 0, 0, 0]

Iteration:  21
[32, 8, 2, 2]
[8, 2, 0, 0]
[0, 0, 0, 0]
[0, 4, 0, 0]

Iteration:  22
[32, 8, 4, 0]
[8, 2, 0, 0]
[0, 4, 0, 0]
[4, 0, 0, 0]

Iteration:  23
[0, 0, 0, 0]
[32, 8, 0, 2]
[8, 2, 0, 0]
[4, 4, 4, 0]

Iteration:  24
[2, 0, 0, 0]
[32, 8, 0, 0]
[8, 2, 0, 0]
[4, 4, 4, 2]

Iteration:  25
[2, 4, 0, 0]
[32, 8, 0, 0]
[8, 2, 0, 0]
[8, 4, 2, 0]

Iteration:  26
[2, 4, 2, 0]
[32, 8, 0, 2]
[16, 2, 0, 0]
[0, 4, 0, 0]

Iteration:  27
[0, 4, 0, 0]
[2, 8, 2, 0]
[32, 2, 0, 0]
[16, 4, 2, 2]

Iteration:  28
[2, 4, 0, 0]
[2, 8, 0, 0]
[32, 2, 0, 0]
[16, 4, 4, 2]

Iteration:  29
[0, 4, 0, 0]
[4, 8, 0, 0]
[32, 2, 0, 2]
[16, 4, 4, 2]

Iteration:  30
[4, 0, 0, 0]
[4, 8, 0, 2]
[32, 4, 0, 0]
[16, 8, 2, 0]

Iteration:  31
[0, 0, 0, 0]
[8, 8, 0, 0]
[32, 4, 2, 0]
[16, 8, 2, 2]

Iteration:  32
[0, 0, 4, 0]
[16, 0, 0, 0]
[32, 4, 2, 0]
[16, 8, 4, 0]

Iteration:  33
[0, 0, 0, 0]
[16, 0, 4, 2]
[32, 4, 2, 0]
[16, 8, 4, 0]

Iteration:  34
[0, 0, 0, 0]
[16, 4, 4, 0]
[32, 4, 2, 0]
[16, 8, 4, 2]

Iteration:  35
[0, 0, 0, 0]
[0, 0, 16, 8]
[2, 32, 4, 2]
[16, 8, 4, 2]

Iteration:  36
[4, 0, 0, 0]
[16, 8, 0, 0]
[2, 32, 4, 2]
[16, 8, 4, 2]

Iteration:  37
[4, 0, 0, 4]
[16, 8, 0, 0]
[2, 32, 0, 0]
[16, 8, 8, 4]

Iteration:  38
[8, 0, 0, 0]
[16, 8, 0, 0]
[2, 32, 0, 0]
[16, 16, 4, 4]

Iteration:  39
[8, 0, 0, 0]
[16, 8, 0, 0]
[2, 32, 2, 0]
[32, 8, 0, 0]

Iteration:  40
[8, 8, 2, 0]
[16, 32, 0, 0]
[2, 8, 0, 0]
[32, 0, 0, 2]

Iteration:  41
[8, 8, 2, 2]
[16, 32, 0, 0]
[2, 8, 0, 0]
[32, 0, 2, 0]

Iteration:  42
[8, 0, 2, 0]
[16, 8, 0, 0]
[2, 32, 0, 0]
[32, 8, 4, 2]

Iteration:  43
[8, 8, 2, 2]
[16, 32, 4, 0]
[2, 8, 0, 0]
[32, 0, 2, 0]

Iteration:  44
[16, 4, 2, 0]
[16, 32, 4, 0]
[2, 8, 0, 0]
[32, 2, 0, 0]

Iteration:  45
[0, 16, 4, 2]
[0, 16, 32, 4]
[4, 0, 2, 8]
[0, 0, 32, 2]

Iteration:  46
[4, 32, 4, 2]
[0, 0, 32, 4]
[0, 0, 2, 8]
[2, 0, 32, 2]

Iteration:  47
[4, 32, 4, 2]
[2, 4, 32, 4]
[0, 0, 2, 8]
[0, 0, 32, 2]

Iteration:  48
[4, 32, 4, 2]
[2, 4, 32, 4]
[2, 8, 0, 0]
[32, 2, 0, 2]

Iteration:  49
[2, 32, 0, 0]
[0, 4, 0, 2]
[8, 8, 4, 4]
[32, 2, 32, 2]

Iteration:  50
[0, 0, 2, 32]
[4, 0, 4, 2]
[0, 0, 8, 16]
[32, 2, 32, 2]

Iteration:  51
[0, 2, 2, 32]
[0, 0, 4, 2]
[4, 0, 8, 16]
[32, 2, 32, 2]

Iteration:  52
[4, 4, 2, 32]
[32, 2, 4, 2]
[0, 0, 8, 16]
[0, 0, 32, 2]

Iteration:  53
[0, 8, 2, 32]
[32, 2, 4, 2]
[0, 0, 8, 16]
[2, 0, 32, 2]

Iteration:  54
[0, 2, 2, 32]
[0, 0, 4, 2]
[32, 8, 8, 16]
[2, 2, 32, 2]

Iteration:  55
[32, 2, 2, 32]
[2, 8, 4, 2]
[0, 2, 8, 16]
[0, 4, 32, 2]

Iteration:  56
[4, 32, 4, 32]
[2, 8, 4, 2]
[0, 2, 8, 16]
[0, 4, 32, 2]

Iteration:  57
[4, 32, 16, 32]
[2, 8, 32, 2]
[2, 2, 0, 16]
[0, 4, 0, 2]

Iteration:  58
[4, 32, 16, 32]
[4, 8, 32, 2]
[0, 2, 0, 16]
[2, 4, 0, 2]

Iteration:  59
[0, 32, 0, 32]
[2, 8, 0, 2]
[8, 2, 16, 16]
[2, 4, 32, 2]

Iteration:  60
[2, 32, 16, 32]
[8, 8, 32, 2]
[2, 2, 4, 16]
[0, 4, 0, 2]

Iteration:  61
[0, 32, 2, 32]
[2, 8, 16, 2]
[8, 2, 32, 16]
[2, 4, 4, 2]

Iteration:  62
[2, 32, 2, 32]
[8, 8, 16, 2]
[2, 2, 32, 16]
[4, 4, 4, 2]

Iteration:  63
[2, 32, 2, 32]
[8, 8, 16, 2]
[2, 2, 32, 16]
[4, 4, 4, 2]

Iteration:  64
[2, 32, 2, 32]
[32, 2, 4, 0]
[4, 32, 16, 0]
[8, 4, 2, 0]

Iteration:  65
[2, 32, 2, 32]
[32, 2, 4, 0]
[4, 32, 16, 0]
[8, 4, 2, 0]

Iteration:  66
[2, 32, 2, 32]
[0, 32, 2, 4]
[4, 4, 32, 16]
[0, 8, 4, 2]

Iteration:  67
[0, 4, 0, 32]
[0, 64, 4, 4]
[2, 4, 32, 16]
[4, 8, 4, 2]

Iteration:  68
[0, 0, 4, 32]
[0, 2, 64, 8]
[2, 4, 32, 16]
[4, 8, 4, 2]

Iteration:  69
[4, 32, 4, 0]
[2, 64, 8, 0]
[2, 4, 32, 16]
[4, 8, 4, 2]

Iteration:  70
[4, 32, 4, 16]
[8, 64, 8, 2]
[0, 4, 32, 0]
[0, 8, 4, 4]

Iteration:  71
[4, 32, 4, 16]
[8, 64, 8, 2]
[0, 0, 4, 32]
[0, 0, 2, 16]

Iteration:  72
[4, 0, 4, 16]
[0, 0, 8, 2]
[4, 32, 4, 32]
[8, 64, 2, 16]

Iteration:  73
[16, 32, 4, 16]
[0, 64, 8, 2]
[0, 2, 4, 32]
[0, 0, 2, 16]

Iteration:  74
[16, 32, 4, 16]
[64, 8, 2, 0]
[2, 4, 32, 0]
[2, 16, 0, 2]

Iteration:  75
[0, 32, 0, 4]
[16, 8, 4, 0]
[64, 4, 2, 16]
[4, 16, 32, 2]

Iteration:  76
[32, 4, 4, 0]
[16, 8, 4, 0]
[64, 4, 2, 16]
[4, 16, 32, 2]

Iteration:  77
[32, 8, 0, 2]
[16, 8, 4, 0]
[64, 4, 2, 16]
[4, 16, 32, 2]

Iteration:  78
[0, 32, 8, 2]
[4, 16, 8, 4]
[64, 4, 2, 16]
[4, 16, 32, 2]

Iteration:  79
[4, 32, 16, 2]
[64, 16, 2, 4]
[4, 4, 32, 16]
[0, 16, 4, 2]

Iteration:  80
[4, 32, 16, 2]
[64, 16, 2, 4]
[4, 4, 32, 16]
[0, 16, 4, 2]

Iteration:  81
[4, 32, 16, 2]
[64, 16, 2, 4]
[8, 32, 16, 0]
[16, 4, 2, 4]

Iteration:  82
[4, 32, 16, 2]
[64, 16, 2, 8]
[8, 32, 16, 2]
[16, 4, 2, 0]

Iteration:  83
[4, 32, 16, 2]
[64, 16, 2, 8]
[8, 32, 16, 2]
[2, 16, 4, 2]

Iteration:  84
[4, 32, 16, 2]
[64, 16, 2, 2]
[8, 32, 16, 8]
[2, 16, 4, 4]

Iteration:  85
[4, 32, 16, 2]
[0, 64, 16, 4]
[8, 32, 16, 8]
[4, 2, 16, 8]

Iteration:  86
[4, 32, 0, 0]
[4, 64, 0, 2]
[8, 32, 32, 4]
[4, 2, 32, 16]

Iteration:  87
[16, 32, 64, 2]
[4, 64, 0, 4]
[4, 32, 0, 16]
[0, 2, 0, 0]

Iteration:  88
[16, 32, 64, 2]
[8, 64, 0, 4]
[0, 32, 0, 16]
[0, 2, 4, 0]

Iteration:  89
[0, 32, 0, 0]
[4, 64, 0, 2]
[16, 32, 64, 4]
[8, 2, 4, 16]

Iteration:  90
[0, 0, 4, 32]
[0, 4, 64, 2]
[16, 32, 64, 4]
[8, 2, 4, 16]

Iteration:  91
[16, 4, 4, 32]
[8, 32, 128, 2]
[4, 2, 4, 4]
[0, 0, 0, 16]

Iteration:  92
[16, 4, 4, 32]
[8, 32, 128, 2]
[4, 2, 4, 4]
[0, 0, 0, 16]

Iteration:  93
[16, 4, 4, 32]
[8, 32, 128, 2]
[4, 2, 4, 4]
[0, 0, 0, 16]

Iteration:  94
[0, 16, 8, 32]
[8, 32, 128, 2]
[0, 4, 2, 8]
[0, 4, 0, 16]

Iteration:  95
[0, 16, 8, 32]
[8, 32, 128, 2]
[0, 4, 2, 8]
[2, 0, 4, 16]

Iteration:  96
[2, 0, 8, 32]
[0, 16, 128, 2]
[8, 32, 2, 8]
[2, 4, 4, 16]

Iteration:  97
[2, 16, 8, 32]
[8, 32, 128, 2]
[2, 4, 2, 8]
[4, 0, 4, 16]

Iteration:  98
[2, 16, 8, 32]
[8, 32, 128, 2]
[2, 4, 2, 8]
[8, 16, 0, 4]

Iteration:  99
[2, 16, 8, 32]
[8, 32, 128, 2]
[2, 4, 2, 8]
[8, 16, 0, 4]

Iteration:  100
[2, 16, 8, 32]
[8, 32, 128, 2]
[2, 4, 2, 8]
[8, 16, 0, 4]

Iteration:  101
[2, 16, 8, 32]
[8, 32, 128, 2]
[2, 4, 2, 8]
[8, 16, 0, 4]

Iteration:  102
[2, 16, 8, 32]
[8, 32, 128, 2]
[2, 4, 2, 8]
[8, 16, 0, 4]

Iteration:  103
[2, 16, 8, 32]
[8, 32, 128, 2]
[2, 4, 2, 8]
[8, 16, 4, 2]

Max Square Value: 128
Total Square Sum: 274
Total Merge Score: 1024
Iteration:  0
[0, 0, 0, 0]
[0, 0, 0, 0]
[0, 0, 0, 2]
[0, 0, 0, 2]

Iteration:  1
[0, 2, 0, 0]
[0, 0, 0, 0]
[0, 0, 0, 0]
[0, 0, 0, 4]

Iteration:  2
[0, 0, 0, 2]
[0, 0, 2, 0]
[0, 0, 0, 0]
[0, 0, 0, 4]

Iteration:  3
[2, 0, 0, 0]
[2, 0, 0, 0]
[0, 0, 0, 0]
[4, 2, 0, 0]

Iteration:  4
[0, 0, 0, 2]
[2, 0, 0, 2]
[0, 0, 0, 0]
[0, 0, 4, 2]

Iteration:  5
[0, 0, 0, 0]
[0, 0, 0, 0]
[0, 4, 0, 2]
[2, 0, 4, 4]

Iteration:  6
[2, 4, 4, 2]
[0, 0, 0, 4]
[4, 0, 0, 0]
[0, 0, 0, 0]

Iteration:  7
[0, 0, 0, 0]
[0, 0, 0, 0]
[2, 2, 0, 2]
[4, 4, 4, 4]

Iteration:  8
[0, 0, 0, 0]
[0, 0, 0, 2]
[4, 2, 0, 0]
[8, 8, 0, 0]

Iteration:  9
[0, 0, 0, 0]
[2, 0, 0, 2]
[0, 0, 4, 2]
[0, 0, 0, 16]

Iteration:  10
[0, 0, 0, 0]
[0, 0, 0, 0]
[0, 4, 0, 4]
[2, 0, 4, 16]

Iteration:  11
[2, 4, 4, 4]
[0, 0, 4, 16]
[0, 0, 0, 0]
[0, 0, 0, 0]

Iteration:  12
[2, 8, 4, 0]
[4, 16, 4, 0]
[0, 0, 0, 0]
[0, 0, 0, 0]

Iteration:  13
[0, 0, 0, 0]
[0, 4, 0, 0]
[2, 8, 0, 0]
[4, 16, 8, 0]

Iteration:  14
[2, 4, 8, 0]
[4, 8, 4, 0]
[0, 16, 0, 0]
[0, 0, 0, 0]

Iteration:  15
[2, 4, 8, 0]
[4, 8, 4, 0]
[0, 16, 0, 0]
[0, 0, 0, 0]

Iteration:  16
[2, 4, 8, 0]
[4, 8, 4, 0]
[16, 4, 0, 0]
[0, 0, 0, 0]

Iteration:  17
[4, 0, 0, 0]
[2, 4, 0, 0]
[4, 8, 8, 0]
[16, 4, 4, 0]

Iteration:  18
[4, 0, 0, 0]
[2, 4, 0, 4]
[4, 16, 0, 0]
[16, 8, 0, 0]

Iteration:  19
[4, 4, 0, 4]
[2, 16, 0, 0]
[4, 8, 0, 0]
[16, 4, 0, 0]

Iteration:  20
[4, 4, 4, 0]
[2, 16, 0, 0]
[4, 8, 0, 0]
[16, 4, 0, 4]

Iteration:  21
[0, 0, 4, 8]
[0, 4, 2, 16]
[0, 0, 4, 8]
[0, 0, 16, 8]

Iteration:  22
[0, 4, 4, 8]
[2, 0, 2, 16]
[0, 0, 4, 16]
[0, 0, 16, 0]

Iteration:  23
[16, 0, 0, 0]
[4, 16, 0, 0]
[4, 16, 2, 0]
[16, 0, 0, 0]

Iteration:  24
[0, 0, 0, 0]
[16, 0, 0, 0]
[8, 0, 0, 2]
[16, 32, 2, 0]

Iteration:  25
[0, 0, 0, 0]
[0, 0, 0, 16]
[0, 4, 8, 2]
[0, 16, 32, 2]

Iteration:  26
[0, 0, 0, 0]
[0, 0, 0, 0]
[2, 4, 8, 16]
[0, 16, 32, 4]

Iteration:  27
[2, 4, 8, 16]
[0, 16, 32, 4]
[0, 0, 0, 0]
[0, 0, 4, 0]

Iteration:  28
[2, 4, 8, 16]
[0, 16, 32, 4]
[0, 0, 4, 0]
[0, 0, 0, 4]

Iteration:  29
[0, 0, 4, 0]
[0, 0, 8, 0]
[0, 4, 32, 16]
[2, 16, 4, 8]

Iteration:  30
[4, 0, 0, 0]
[8, 2, 0, 0]
[4, 32, 16, 0]
[2, 16, 4, 8]

Iteration:  31
[4, 2, 16, 8]
[8, 32, 4, 0]
[4, 16, 0, 0]
[2, 0, 4, 0]

Iteration:  32
[4, 2, 16, 8]
[0, 8, 32, 4]
[0, 0, 4, 16]
[0, 4, 2, 4]

Iteration:  33
[4, 2, 16, 8]
[0, 8, 32, 4]
[0, 4, 4, 16]
[0, 4, 2, 4]

Iteration:  34
[4, 0, 16, 8]
[0, 0, 32, 4]
[0, 2, 4, 16]
[4, 16, 2, 4]

Iteration:  35
[4, 16, 8, 0]
[32, 4, 2, 0]
[2, 4, 16, 0]
[4, 16, 2, 4]

Iteration:  36
[0, 4, 16, 8]
[4, 32, 4, 2]
[0, 2, 4, 16]
[4, 16, 2, 4]

Iteration:  37
[8, 4, 16, 8]
[0, 32, 8, 2]
[0, 2, 2, 16]
[4, 16, 0, 4]

Iteration:  38
[8, 4, 16, 8]
[4, 32, 8, 2]
[0, 0, 4, 16]
[0, 4, 16, 4]

Iteration:  39
[0, 0, 16, 8]
[2, 4, 8, 2]
[8, 32, 4, 16]
[4, 4, 16, 4]

Iteration:  40
[2, 4, 16, 8]
[8, 32, 8, 2]
[4, 4, 4, 16]
[4, 0, 16, 4]

Iteration:  41
[2, 4, 16, 8]
[8, 32, 8, 2]
[8, 4, 4, 16]
[0, 2, 16, 4]

Iteration:  42
[0, 4, 16, 8]
[2, 32, 8, 2]
[2, 4, 4, 16]
[16, 2, 16, 4]

Iteration:  43
[2, 4, 16, 8]
[0, 32, 8, 2]
[4, 4, 4, 16]
[16, 2, 16, 4]

Iteration:  44
[4, 4, 16, 8]
[2, 32, 8, 2]
[4, 4, 4, 16]
[16, 2, 16, 4]

Iteration:  45
[0, 8, 16, 8]
[2, 32, 8, 2]
[2, 4, 8, 16]
[16, 2, 16, 4]

Iteration:  46
[8, 16, 8, 4]
[2, 32, 8, 2]
[2, 4, 8, 16]
[16, 2, 16, 4]

Iteration:  47
[8, 16, 16, 4]
[4, 32, 8, 2]
[16, 4, 16, 16]
[2, 2, 0, 4]

Iteration:  48
[8, 32, 4, 2]
[4, 32, 8, 2]
[16, 4, 32, 0]
[8, 0, 0, 0]

Iteration:  49
[8, 64, 4, 4]
[4, 4, 8, 2]
[16, 0, 32, 0]
[8, 0, 0, 0]

Iteration:  50
[0, 8, 64, 8]
[0, 8, 8, 2]
[0, 0, 16, 32]
[4, 0, 0, 8]

Iteration:  51
[8, 64, 8, 0]
[16, 2, 0, 0]
[16, 32, 0, 0]
[4, 8, 0, 2]

Iteration:  52
[0, 64, 0, 2]
[8, 2, 0, 0]
[32, 32, 0, 0]
[4, 8, 8, 2]

Iteration:  53
[8, 64, 8, 4]
[32, 2, 4, 0]
[4, 32, 0, 0]
[0, 8, 0, 0]

Iteration:  54
[8, 64, 8, 4]
[32, 2, 4, 0]
[4, 32, 0, 0]
[8, 0, 2, 0]

Iteration:  55
[8, 64, 8, 4]
[32, 2, 4, 0]
[4, 32, 2, 0]
[8, 0, 0, 4]

Iteration:  56
[8, 64, 8, 4]
[32, 2, 4, 4]
[4, 32, 2, 0]
[8, 4, 0, 0]

Iteration:  57
[8, 64, 8, 4]
[32, 2, 8, 0]
[4, 32, 2, 0]
[8, 4, 0, 4]

Iteration:  58
[8, 64, 8, 4]
[0, 32, 2, 8]
[0, 4, 32, 2]
[0, 4, 0, 16]

Iteration:  59
[8, 64, 8, 4]
[32, 2, 8, 0]
[4, 32, 2, 0]
[4, 16, 0, 2]

Iteration:  60
[8, 64, 8, 4]
[0, 32, 2, 8]
[0, 4, 32, 2]
[2, 4, 16, 2]

Iteration:  61
[8, 64, 8, 4]
[2, 32, 2, 8]
[0, 8, 32, 4]
[0, 4, 16, 0]

Iteration:  62
[0, 64, 8, 0]
[2, 32, 2, 4]
[8, 8, 32, 8]
[2, 4, 16, 4]

Iteration:  63
[64, 8, 0, 4]
[2, 32, 2, 4]
[16, 32, 8, 0]
[2, 4, 16, 4]

Iteration:  64
[64, 8, 4, 4]
[2, 32, 2, 4]
[16, 32, 8, 0]
[2, 4, 16, 4]

Iteration:  65
[64, 8, 4, 8]
[2, 64, 2, 4]
[16, 4, 8, 0]
[2, 4, 16, 0]

Iteration:  66
[64, 4, 4, 0]
[2, 8, 2, 0]
[16, 64, 8, 8]
[2, 8, 16, 4]

Iteration:  67
[64, 8, 2, 0]
[2, 8, 2, 0]
[16, 64, 16, 0]
[2, 8, 16, 4]

Iteration:  68
[64, 16, 4, 4]
[2, 64, 32, 0]
[16, 8, 0, 0]
[2, 2, 0, 0]

Iteration:  69
[64, 16, 0, 0]
[2, 64, 0, 0]
[16, 8, 4, 4]
[2, 2, 32, 4]

Iteration:  70
[64, 16, 4, 0]
[2, 64, 0, 0]
[16, 8, 8, 0]
[4, 32, 4, 0]

Iteration:  71
[64, 16, 4, 0]
[2, 64, 8, 0]
[16, 8, 4, 0]
[4, 32, 0, 2]

Iteration:  72
[64, 16, 4, 0]
[2, 64, 8, 0]
[16, 8, 4, 4]
[4, 32, 2, 0]

Iteration:  73
[64, 16, 4, 4]
[2, 64, 8, 2]
[16, 8, 4, 0]
[4, 32, 2, 0]

Iteration:  74
[64, 16, 4, 2]
[2, 64, 8, 0]
[16, 8, 4, 4]
[4, 32, 2, 2]

Iteration:  75
[64, 16, 4, 2]
[2, 64, 8, 4]
[16, 8, 4, 2]
[4, 32, 2, 2]

Iteration:  76
[64, 16, 4, 2]
[2, 64, 8, 4]
[16, 8, 4, 2]
[2, 4, 32, 4]

Max Square Value: 64
Total Square Sum: 236
Total Merge Score: 752
Iteration:  0
[0, 0, 0, 0]
[0, 0, 0, 0]
[2, 0, 0, 4]
[0, 0, 0, 0]

Iteration:  1
[0, 0, 0, 0]
[0, 0, 0, 0]
[2, 4, 0, 2]
[0, 0, 0, 0]

Iteration:  2
[0, 0, 0, 0]
[0, 0, 0, 0]
[0, 0, 0, 4]
[2, 4, 0, 2]

Iteration:  3
[0, 0, 0, 0]
[0, 0, 0, 0]
[4, 0, 2, 0]
[2, 4, 2, 0]

Iteration:  4
[4, 0, 0, 0]
[0, 0, 0, 0]
[4, 2, 0, 0]
[2, 4, 2, 0]

Iteration:  5
[8, 2, 2, 0]
[2, 4, 0, 0]
[0, 0, 0, 0]
[0, 0, 0, 2]

Iteration:  6
[0, 0, 2, 0]
[0, 0, 0, 0]
[8, 2, 0, 0]
[2, 4, 2, 2]

Iteration:  7
[0, 0, 0, 2]
[0, 0, 0, 0]
[0, 0, 8, 2]
[0, 4, 2, 8]

Iteration:  8
[0, 4, 8, 4]
[0, 0, 2, 8]
[2, 0, 0, 0]
[0, 0, 0, 0]

Iteration:  9
[0, 4, 8, 4]
[4, 0, 2, 8]
[0, 0, 0, 2]
[0, 0, 0, 0]

Iteration:  10
[0, 4, 0, 0]
[0, 0, 0, 4]
[0, 0, 8, 8]
[4, 4, 2, 2]

Iteration:  11
[4, 0, 0, 2]
[4, 0, 0, 0]
[16, 0, 0, 0]
[8, 4, 0, 0]

Iteration:  12
[4, 2, 0, 0]
[4, 0, 0, 0]
[16, 4, 0, 0]
[8, 4, 0, 0]

Iteration:  13
[8, 2, 0, 0]
[16, 8, 0, 0]
[8, 0, 0, 0]
[0, 0, 2, 0]

Iteration:  14
[8, 2, 0, 0]
[16, 8, 0, 0]
[8, 0, 0, 2]
[2, 0, 0, 0]

Iteration:  15
[8, 2, 0, 0]
[16, 8, 0, 0]
[8, 2, 0, 4]
[2, 0, 0, 0]

Iteration:  16
[8, 2, 4, 0]
[16, 8, 0, 0]
[8, 2, 4, 0]
[2, 0, 0, 0]

Iteration:  17
[8, 2, 0, 0]
[16, 2, 0, 0]
[8, 8, 0, 0]
[2, 2, 8, 0]

Iteration:  18
[8, 4, 8, 0]
[16, 8, 0, 0]
[8, 2, 0, 2]
[2, 0, 0, 0]

Iteration:  19
[8, 4, 8, 0]
[16, 8, 0, 0]
[8, 4, 0, 0]
[2, 0, 2, 0]

Iteration:  20
[8, 0, 0, 0]
[16, 4, 0, 0]
[8, 8, 8, 2]
[2, 4, 2, 0]

Iteration:  21
[0, 0, 0, 8]
[0, 4, 16, 4]
[0, 8, 16, 2]
[0, 2, 4, 2]

Iteration:  22
[0, 0, 0, 0]
[2, 4, 0, 0]
[0, 8, 32, 0]
[0, 2, 4, 16]

Iteration:  23
[2, 4, 32, 16]
[0, 8, 4, 0]
[0, 2, 0, 0]
[0, 0, 2, 0]

Iteration:  24
[0, 0, 0, 2]
[0, 4, 32, 0]
[0, 8, 4, 0]
[2, 2, 2, 16]

Iteration:  25
[2, 4, 32, 2]
[0, 8, 4, 16]
[4, 2, 2, 0]
[0, 0, 0, 0]

Iteration:  26
[2, 4, 32, 2]
[0, 8, 4, 16]
[2, 0, 0, 8]
[0, 0, 0, 0]

Iteration:  27
[4, 4, 32, 2]
[0, 8, 4, 16]
[0, 0, 0, 8]
[0, 4, 0, 0]

Iteration:  28
[4, 4, 32, 2]
[0, 8, 4, 16]
[0, 4, 2, 8]
[0, 0, 0, 0]

Iteration:  29
[0, 8, 32, 2]
[0, 8, 4, 16]
[2, 4, 2, 8]
[0, 0, 0, 0]

Iteration:  30
[2, 16, 32, 2]
[0, 4, 4, 16]
[0, 0, 2, 8]
[0, 0, 2, 0]

Iteration:  31
[2, 0, 0, 0]
[0, 0, 0, 2]
[0, 16, 32, 16]
[2, 4, 8, 8]

Iteration:  32
[4, 16, 32, 2]
[0, 4, 8, 16]
[2, 0, 0, 8]
[0, 0, 0, 0]

Iteration:  33
[0, 0, 0, 0]
[2, 0, 0, 2]
[4, 16, 32, 16]
[2, 4, 8, 8]

Iteration:  34
[2, 16, 32, 2]
[4, 4, 8, 16]
[2, 2, 0, 8]
[0, 0, 0, 0]

Iteration:  35
[2, 16, 32, 2]
[0, 8, 8, 16]
[0, 0, 4, 8]
[0, 0, 4, 0]

Iteration:  36
[0, 0, 0, 0]
[2, 0, 0, 2]
[0, 16, 32, 16]
[2, 8, 16, 8]

Iteration:  37
[4, 0, 0, 0]
[0, 0, 0, 4]
[0, 16, 32, 16]
[2, 8, 16, 8]

Iteration:  38
[4, 16, 32, 4]
[2, 8, 16, 16]
[0, 0, 4, 8]
[0, 0, 0, 0]

Iteration:  39
[4, 16, 32, 4]
[4, 2, 8, 32]
[0, 0, 4, 8]
[0, 0, 0, 0]

Iteration:  40
[4, 16, 32, 4]
[4, 2, 8, 32]
[4, 8, 0, 0]
[0, 4, 0, 0]

Iteration:  41
[4, 16, 0, 0]
[0, 2, 0, 0]
[4, 8, 32, 4]
[8, 4, 8, 32]

Iteration:  42
[16, 16, 32, 4]
[0, 2, 8, 32]
[0, 8, 0, 0]
[4, 4, 0, 0]

Iteration:  43
[2, 16, 0, 0]
[0, 2, 0, 0]
[16, 8, 32, 4]
[4, 4, 8, 32]

Iteration:  44
[0, 0, 2, 16]
[2, 0, 0, 2]
[16, 8, 32, 4]
[0, 8, 8, 32]

Iteration:  45
[0, 0, 2, 16]
[0, 0, 0, 4]
[16, 8, 32, 4]
[0, 4, 16, 32]

Iteration:  46
[0, 4, 0, 0]
[0, 0, 2, 16]
[0, 8, 32, 8]
[16, 4, 16, 32]

Iteration:  47
[16, 4, 2, 16]
[0, 8, 32, 8]
[0, 4, 16, 32]
[2, 0, 0, 0]

Iteration:  48
[16, 4, 2, 16]
[8, 32, 8, 0]
[4, 16, 32, 2]
[2, 0, 0, 0]

Iteration:  49
[16, 4, 2, 16]
[0, 8, 32, 8]
[4, 16, 32, 2]
[0, 0, 2, 2]

Iteration:  50
[16, 4, 2, 16]
[0, 8, 32, 8]
[4, 16, 32, 2]
[0, 2, 0, 4]

Iteration:  51
[16, 4, 2, 16]
[4, 8, 64, 8]
[4, 16, 0, 2]
[0, 2, 0, 4]

Iteration:  52
[16, 4, 2, 16]
[4, 8, 64, 8]
[4, 16, 2, 4]
[2, 4, 0, 0]

Iteration:  53
[16, 4, 2, 16]
[8, 8, 64, 8]
[2, 16, 2, 4]
[0, 4, 0, 4]

Iteration:  54
[16, 4, 2, 16]
[8, 8, 64, 8]
[2, 16, 2, 8]
[2, 4, 0, 0]

Iteration:  55
[0, 4, 4, 0]
[16, 8, 2, 0]
[8, 16, 64, 0]
[4, 4, 2, 32]

Iteration:  56
[16, 4, 4, 32]
[8, 8, 2, 0]
[4, 16, 64, 2]
[0, 4, 2, 0]

Iteration:  57
[16, 4, 4, 32]
[8, 8, 2, 2]
[4, 16, 64, 2]
[0, 4, 2, 0]

Iteration:  58
[16, 4, 4, 32]
[8, 8, 2, 4]
[4, 16, 64, 0]
[0, 4, 2, 4]

Iteration:  59
[0, 16, 8, 32]
[0, 16, 2, 4]
[0, 4, 16, 64]
[4, 4, 2, 4]

Iteration:  60
[2, 16, 8, 32]
[0, 16, 2, 4]
[0, 4, 16, 64]
[0, 8, 2, 4]

Iteration:  61
[2, 32, 8, 32]
[0, 4, 2, 4]
[0, 8, 16, 64]
[0, 2, 2, 4]

Iteration:  62
[0, 32, 8, 32]
[4, 4, 2, 4]
[0, 8, 16, 64]
[2, 2, 2, 4]

Iteration:  63
[4, 32, 8, 32]
[2, 4, 2, 4]
[0, 8, 16, 64]
[4, 2, 2, 4]

Iteration:  64
[4, 32, 8, 32]
[2, 4, 2, 4]
[8, 16, 64, 0]
[4, 8, 2, 0]

Iteration:  65
[4, 32, 8, 32]
[2, 4, 2, 4]
[8, 16, 64, 0]
[4, 8, 2, 0]

Iteration:  66
[4, 32, 8, 32]
[2, 4, 2, 4]
[0, 8, 16, 64]
[2, 4, 8, 2]

Iteration:  67
[4, 32, 8, 32]
[4, 4, 2, 4]
[0, 8, 16, 64]
[4, 4, 8, 2]

Iteration:  68
[8, 32, 8, 32]
[4, 4, 2, 4]
[0, 8, 16, 64]
[2, 4, 8, 2]

Iteration:  69
[8, 32, 8, 32]
[0, 8, 2, 4]
[4, 8, 16, 64]
[2, 4, 8, 2]

Iteration:  70
[8, 32, 8, 32]
[8, 2, 4, 2]
[4, 8, 16, 64]
[2, 4, 8, 2]

Iteration:  71
[16, 32, 8, 32]
[4, 2, 4, 2]
[2, 8, 16, 64]
[2, 4, 8, 2]

Iteration:  72
[16, 32, 8, 32]
[4, 2, 4, 2]
[4, 8, 16, 64]
[4, 4, 8, 2]

Iteration:  73
[16, 32, 8, 32]
[8, 2, 4, 2]
[4, 8, 16, 64]
[2, 4, 8, 2]

Max Square Value: 64
Total Square Sum: 212
Total Merge Score: 620
Iteration:  0
[4, 0, 0, 0]
[0, 0, 0, 0]
[4, 0, 0, 0]
[0, 0, 0, 0]

Iteration:  1
[8, 0, 0, 0]
[2, 0, 0, 0]
[0, 0, 0, 0]
[0, 0, 0, 0]

Iteration:  2
[0, 0, 4, 8]
[0, 0, 0, 2]
[0, 0, 0, 0]
[0, 0, 0, 0]

Iteration:  3
[4, 8, 4, 0]
[2, 0, 0, 0]
[0, 0, 0, 0]
[0, 0, 0, 0]

Iteration:  4
[0, 0, 0, 0]
[2, 0, 0, 0]
[4, 0, 0, 0]
[2, 8, 4, 0]

Iteration:  5
[4, 0, 0, 0]
[0, 0, 0, 2]
[0, 0, 0, 4]
[0, 2, 8, 4]

Iteration:  6
[4, 2, 8, 2]
[0, 0, 0, 8]
[0, 0, 0, 4]
[0, 0, 0, 0]

Iteration:  7
[0, 0, 0, 0]
[0, 0, 0, 2]
[2, 0, 0, 8]
[4, 2, 8, 4]

Iteration:  8
[2, 2, 8, 2]
[4, 2, 0, 8]
[0, 0, 0, 4]
[0, 0, 0, 0]

Iteration:  9
[2, 4, 8, 2]
[4, 0, 0, 8]
[0, 0, 0, 4]
[2, 0, 0, 0]

Iteration:  10
[0, 0, 0, 4]
[2, 0, 0, 2]
[4, 0, 0, 8]
[2, 4, 8, 4]

Iteration:  11
[0, 0, 0, 4]
[0, 2, 0, 4]
[0, 0, 4, 8]
[2, 4, 8, 4]

Iteration:  12
[0, 0, 0, 4]
[0, 0, 2, 4]
[0, 2, 4, 8]
[2, 4, 8, 4]

Iteration:  13
[4, 2, 0, 0]
[2, 4, 0, 0]
[2, 4, 8, 0]
[2, 4, 8, 4]

Iteration:  14
[4, 2, 16, 4]
[4, 8, 0, 0]
[2, 4, 0, 0]
[0, 0, 4, 0]

Iteration:  15
[0, 0, 0, 2]
[0, 2, 0, 0]
[8, 8, 16, 0]
[2, 4, 4, 4]

Iteration:  16
[0, 0, 2, 2]
[0, 0, 0, 2]
[0, 0, 16, 16]
[0, 2, 4, 8]

Iteration:  17
[0, 0, 0, 0]
[0, 0, 2, 4]
[0, 0, 16, 16]
[2, 2, 4, 8]

Iteration:  18
[0, 0, 2, 0]
[2, 4, 0, 0]
[32, 0, 0, 0]
[16, 0, 0, 0]

Iteration:  19
[2, 4, 2, 0]
[32, 2, 0, 0]
[16, 0, 0, 0]
[0, 0, 0, 0]

Iteration:  20
[2, 4, 2, 0]
[32, 2, 0, 0]
[16, 0, 0, 0]
[0, 0, 0, 0]

Iteration:  21
[0, 2, 4, 2]
[0, 0, 32, 2]
[4, 0, 0, 16]
[0, 0, 0, 0]

Iteration:  22
[4, 0, 0, 0]
[0, 0, 0, 0]
[0, 0, 4, 4]
[4, 2, 32, 16]

Iteration:  23
[4, 0, 0, 0]
[0, 0, 0, 0]
[8, 0, 0, 4]
[4, 2, 32, 16]

Iteration:  24
[4, 0, 4, 0]
[0, 0, 0, 0]
[8, 4, 0, 0]
[4, 2, 32, 16]

Iteration:  25
[8, 0, 0, 0]
[0, 0, 2, 0]
[8, 4, 0, 0]
[4, 2, 32, 16]

Iteration:  26
[2, 0, 0, 8]
[0, 0, 0, 2]
[0, 0, 8, 4]
[4, 2, 32, 16]

Iteration:  27
[4, 0, 2, 8]
[0, 0, 0, 2]
[0, 0, 8, 4]
[4, 2, 32, 16]

Iteration:  28
[0, 4, 2, 8]
[0, 4, 0, 2]
[0, 0, 8, 4]
[4, 2, 32, 16]

Iteration:  29
[4, 2, 8, 0]
[4, 2, 4, 0]
[8, 4, 0, 0]
[4, 2, 32, 16]

Iteration:  30
[0, 4, 2, 8]
[0, 4, 2, 4]
[0, 2, 8, 4]
[4, 2, 32, 16]

Iteration:  31
[4, 8, 4, 8]
[0, 4, 8, 8]
[4, 0, 32, 16]
[0, 0, 0, 0]

Iteration:  32
[8, 8, 4, 32]
[0, 4, 8, 0]
[0, 0, 32, 0]
[4, 0, 0, 0]

Iteration:  33
[0, 0, 4, 0]
[0, 0, 4, 0]
[8, 8, 8, 0]
[4, 4, 32, 32]

Iteration:  34
[0, 0, 0, 4]
[0, 0, 8, 0]
[8, 8, 8, 0]
[4, 4, 32, 32]

Iteration:  35
[2, 0, 0, 0]
[0, 0, 0, 0]
[8, 8, 16, 4]
[4, 4, 32, 32]

Iteration:  36
[0, 0, 0, 2]
[0, 0, 0, 0]
[0, 16, 16, 4]
[4, 0, 8, 64]

Iteration:  37
[2, 0, 0, 0]
[0, 4, 0, 0]
[32, 4, 0, 0]
[4, 8, 64, 0]

Iteration:  38
[2, 16, 64, 0]
[32, 0, 0, 0]
[4, 0, 0, 0]
[0, 0, 4, 0]

Iteration:  39
[0, 0, 0, 0]
[2, 0, 0, 0]
[32, 0, 64, 0]
[4, 16, 4, 4]

Iteration:  40
[0, 0, 0, 0]
[2, 0, 0, 0]
[32, 64, 0, 4]
[4, 16, 8, 0]

Iteration:  41
[2, 64, 8, 4]
[32, 16, 0, 0]
[4, 0, 4, 0]
[0, 0, 0, 0]

Iteration:  42
[2, 64, 8, 4]
[32, 16, 4, 0]
[4, 0, 0, 0]
[0, 0, 4, 0]

Iteration:  43
[2, 64, 8, 4]
[32, 16, 4, 2]
[4, 0, 0, 0]
[4, 0, 0, 0]

Iteration:  44
[2, 64, 8, 4]
[32, 16, 4, 2]
[0, 0, 0, 4]
[0, 0, 4, 4]

Iteration:  45
[2, 64, 8, 4]
[32, 16, 8, 2]
[2, 0, 0, 8]
[0, 0, 0, 0]

Iteration:  46
[2, 64, 8, 4]
[32, 16, 8, 2]
[2, 8, 0, 0]
[0, 4, 0, 0]

Iteration:  47
[2, 64, 16, 4]
[32, 16, 0, 2]
[2, 8, 2, 0]
[0, 4, 0, 0]

Iteration:  48
[2, 64, 16, 4]
[32, 16, 2, 2]
[2, 8, 4, 0]
[0, 4, 0, 0]

Iteration:  49
[0, 64, 0, 2]
[2, 16, 16, 0]
[32, 8, 2, 4]
[2, 4, 4, 2]

Iteration:  50
[64, 2, 0, 4]
[2, 32, 0, 0]
[32, 8, 2, 4]
[2, 8, 2, 0]

Iteration:  51
[2, 64, 2, 4]
[0, 0, 2, 32]
[32, 8, 2, 4]
[0, 2, 8, 2]

Iteration:  52
[0, 4, 0, 4]
[0, 64, 2, 32]
[2, 8, 4, 4]
[32, 2, 8, 2]

Iteration:  53
[0, 0, 0, 8]
[0, 64, 2, 32]
[2, 0, 2, 16]
[32, 2, 8, 2]

Iteration:  54
[0, 0, 0, 8]
[4, 64, 2, 32]
[0, 0, 4, 16]
[32, 2, 8, 2]

Iteration:  55
[4, 64, 2, 8]
[32, 2, 4, 32]
[0, 0, 8, 16]
[4, 0, 0, 2]

Iteration:  56
[4, 64, 2, 8]
[32, 2, 4, 32]
[4, 0, 8, 16]
[2, 0, 0, 2]

Iteration:  57
[4, 64, 2, 8]
[32, 2, 4, 32]
[4, 8, 16, 0]
[4, 0, 0, 2]

Iteration:  58
[4, 64, 2, 8]
[32, 2, 4, 32]
[4, 8, 16, 2]
[4, 2, 0, 0]

Iteration:  59
[0, 64, 0, 4]
[4, 2, 2, 8]
[32, 8, 4, 32]
[8, 2, 16, 2]

Iteration:  60
[64, 4, 4, 0]
[4, 4, 8, 0]
[32, 8, 4, 32]
[8, 2, 16, 2]

Iteration:  61
[64, 16, 4, 32]
[4, 2, 8, 2]
[32, 0, 4, 0]
[8, 2, 16, 0]

Iteration:  62
[64, 16, 4, 32]
[4, 2, 8, 2]
[32, 4, 0, 2]
[8, 2, 16, 0]

Iteration:  63
[64, 16, 4, 32]
[4, 2, 8, 2]
[32, 4, 2, 0]
[8, 2, 16, 2]

Iteration:  64
[64, 16, 4, 0]
[4, 2, 8, 2]
[32, 4, 2, 32]
[8, 2, 16, 4]

Iteration:  65
[64, 16, 4, 2]
[4, 2, 8, 32]
[32, 4, 2, 4]
[8, 2, 16, 2]

Max Square Value: 64
Total Square Sum: 202
Total Merge Score: 580
Iteration:  0
[0, 0, 0, 0]
[0, 0, 0, 0]
[2, 0, 0, 0]
[2, 0, 0, 0]

Iteration:  1
[4, 0, 2, 0]
[0, 0, 0, 0]
[0, 0, 0, 0]
[0, 0, 0, 0]

Iteration:  2
[0, 0, 4, 2]
[0, 0, 0, 0]
[0, 2, 0, 0]
[0, 0, 0, 0]

Iteration:  3
[0, 0, 0, 0]
[0, 0, 0, 0]
[0, 0, 0, 0]
[2, 2, 4, 2]

Iteration:  4
[0, 0, 0, 0]
[0, 0, 0, 0]
[0, 0, 2, 0]
[8, 2, 0, 0]

Iteration:  5
[8, 2, 2, 0]
[0, 0, 0, 0]
[2, 0, 0, 0]
[0, 0, 0, 0]

Iteration:  6
[0, 0, 0, 0]
[0, 0, 0, 0]
[8, 0, 0, 0]
[2, 2, 2, 2]

Iteration:  7
[0, 0, 0, 0]
[0, 0, 0, 0]
[8, 0, 0, 0]
[4, 4, 0, 4]

Iteration:  8
[8, 4, 0, 4]
[4, 0, 0, 0]
[0, 2, 0, 0]
[0, 0, 0, 0]

Iteration:  9
[0, 0, 0, 0]
[0, 0, 0, 4]
[8, 4, 0, 0]
[4, 2, 0, 4]

Iteration:  10
[8, 4, 0, 8]
[4, 2, 0, 0]
[0, 0, 0, 0]
[0, 2, 0, 0]

Iteration:  11
[8, 4, 0, 8]
[4, 4, 0, 0]
[0, 0, 2, 0]
[0, 0, 0, 0]

Iteration:  12
[2, 0, 0, 0]
[0, 0, 0, 0]
[8, 0, 0, 0]
[4, 8, 2, 8]

Iteration:  13
[2, 8, 2, 8]
[8, 0, 2, 0]
[4, 0, 0, 0]
[0, 0, 0, 0]

Iteration:  14
[4, 0, 0, 0]
[2, 0, 0, 0]
[8, 0, 0, 0]
[4, 8, 4, 8]

Iteration:  15
[0, 0, 0, 4]
[0, 0, 0, 2]
[0, 4, 0, 8]
[4, 8, 4, 8]

Iteration:  16
[0, 0, 2, 0]
[0, 0, 0, 4]
[0, 4, 0, 2]
[4, 8, 4, 16]

Iteration:  17
[4, 4, 2, 4]
[4, 8, 4, 2]
[0, 0, 0, 16]
[0, 0, 0, 0]

Iteration:  18
[0, 0, 2, 0]
[0, 0, 0, 4]
[0, 4, 2, 2]
[8, 8, 4, 16]

Iteration:  19
[2, 0, 4, 0]
[4, 0, 0, 0]
[4, 4, 0, 0]
[16, 4, 16, 0]

Iteration:  20
[2, 8, 4, 0]
[8, 0, 16, 4]
[16, 0, 0, 0]
[0, 0, 0, 0]

Iteration:  21
[2, 8, 4, 4]
[8, 0, 16, 0]
[16, 0, 0, 2]
[0, 0, 0, 0]

Iteration:  22
[0, 0, 2, 16]
[0, 0, 8, 16]
[0, 0, 16, 2]
[0, 4, 0, 0]

Iteration:  23
[2, 4, 2, 32]
[0, 0, 8, 2]
[0, 0, 16, 0]
[0, 0, 0, 0]

Iteration:  24
[2, 4, 2, 32]
[0, 0, 8, 2]
[0, 0, 0, 16]
[0, 2, 0, 0]

Iteration:  25
[2, 4, 2, 32]
[0, 2, 8, 2]
[0, 0, 0, 16]
[0, 0, 0, 2]

Iteration:  26
[0, 0, 0, 32]
[0, 0, 0, 2]
[2, 4, 2, 16]
[2, 2, 8, 2]

Iteration:  27
[0, 4, 0, 32]
[0, 0, 0, 2]
[2, 4, 2, 16]
[0, 4, 8, 2]

Iteration:  28
[4, 32, 0, 0]
[2, 0, 0, 2]
[2, 4, 2, 16]
[4, 8, 2, 0]

Iteration:  29
[0, 0, 0, 0]
[4, 32, 0, 0]
[8, 4, 0, 2]
[4, 8, 4, 16]

Iteration:  30
[0, 0, 0, 4]
[4, 32, 0, 0]
[8, 4, 2, 0]
[4, 8, 4, 16]

Iteration:  31
[4, 32, 2, 4]
[8, 4, 4, 16]
[4, 8, 2, 0]
[0, 0, 0, 0]

Iteration:  32
[0, 0, 2, 0]
[4, 32, 2, 0]
[8, 4, 4, 4]
[4, 8, 2, 16]

Iteration:  33
[0, 0, 0, 0]
[4, 32, 4, 4]
[8, 4, 4, 4]
[4, 8, 2, 16]

Iteration:  34
[4, 32, 8, 8]
[8, 4, 2, 16]
[4, 8, 0, 0]
[2, 0, 0, 0]

Iteration:  35
[0, 4, 32, 16]
[8, 4, 2, 16]
[0, 0, 4, 8]
[0, 0, 4, 2]

Iteration:  36
[8, 8, 32, 32]
[0, 0, 2, 8]
[0, 0, 8, 2]
[0, 0, 4, 0]

Iteration:  37
[0, 0, 32, 0]
[0, 4, 2, 32]
[0, 0, 8, 8]
[8, 8, 4, 2]

Iteration:  38
[8, 4, 32, 32]
[0, 8, 2, 8]
[2, 0, 8, 2]
[0, 0, 4, 0]

Iteration:  39
[8, 4, 64, 0]
[8, 2, 8, 0]
[2, 8, 2, 0]
[4, 4, 0, 0]

Iteration:  40
[0, 8, 4, 64]
[0, 8, 2, 8]
[0, 2, 8, 2]
[0, 0, 4, 8]

Iteration:  41
[0, 16, 4, 64]
[0, 2, 2, 8]
[0, 0, 8, 2]
[0, 2, 4, 8]

Iteration:  42
[16, 4, 64, 0]
[4, 8, 0, 0]
[8, 2, 0, 2]
[2, 4, 8, 0]

Iteration:  43
[0, 16, 4, 64]
[0, 0, 4, 8]
[0, 4, 8, 4]
[0, 2, 4, 8]

Iteration:  44
[0, 16, 16, 64]
[0, 4, 4, 8]
[0, 2, 2, 4]
[0, 0, 0, 8]

Iteration:  45
[32, 64, 0, 0]
[16, 0, 0, 0]
[8, 0, 0, 0]
[8, 0, 0, 4]

Iteration:  46
[2, 0, 32, 64]
[0, 0, 0, 16]
[0, 0, 0, 8]
[0, 0, 8, 4]

Iteration:  47
[2, 0, 32, 64]
[0, 0, 8, 16]
[0, 0, 0, 8]
[0, 4, 0, 4]

Iteration:  48
[0, 0, 0, 64]
[0, 0, 4, 16]
[0, 0, 32, 8]
[2, 4, 8, 4]

Iteration:  49
[64, 2, 0, 0]
[4, 16, 0, 0]
[32, 8, 0, 0]
[2, 4, 8, 4]

Iteration:  50
[0, 0, 64, 2]
[0, 0, 4, 16]
[0, 4, 32, 8]
[2, 4, 8, 4]

Iteration:  51
[2, 8, 64, 2]
[0, 0, 4, 16]
[0, 4, 32, 8]
[0, 0, 8, 4]

Iteration:  52
[0, 0, 64, 2]
[0, 2, 4, 16]
[0, 8, 32, 8]
[2, 4, 8, 4]

Iteration:  53
[2, 2, 64, 2]
[4, 8, 4, 16]
[0, 4, 32, 8]
[0, 0, 8, 4]

Iteration:  54
[4, 64, 2, 0]
[4, 8, 4, 16]
[4, 32, 8, 4]
[8, 4, 0, 0]

Iteration:  55
[8, 64, 2, 16]
[4, 8, 4, 4]
[8, 32, 8, 0]
[2, 4, 0, 0]

Iteration:  56
[8, 64, 2, 16]
[4, 8, 8, 0]
[8, 32, 8, 2]
[2, 4, 0, 0]

Iteration:  57
[8, 64, 2, 16]
[4, 8, 16, 2]
[8, 32, 0, 0]
[2, 4, 4, 0]

Iteration:  58
[8, 64, 2, 16]
[4, 8, 16, 2]
[8, 32, 4, 4]
[2, 4, 0, 0]

Iteration:  59
[8, 64, 2, 16]
[4, 8, 16, 2]
[8, 32, 8, 0]
[2, 4, 0, 2]

Iteration:  60
[8, 64, 2, 0]
[4, 8, 2, 0]
[8, 32, 16, 16]
[2, 4, 8, 4]

Iteration:  61
[8, 64, 4, 16]
[4, 8, 16, 4]
[8, 32, 8, 0]
[2, 4, 2, 0]

Iteration:  62
[8, 64, 4, 16]
[4, 8, 16, 4]
[2, 8, 32, 8]
[0, 2, 4, 2]

Iteration:  63
[4, 0, 4, 16]
[8, 64, 16, 4]
[4, 16, 32, 8]
[2, 2, 4, 2]

Iteration:  64
[4, 64, 4, 16]
[8, 16, 16, 4]
[4, 2, 32, 8]
[2, 4, 4, 2]

Iteration:  65
[4, 64, 4, 16]
[2, 8, 32, 4]
[4, 2, 32, 8]
[0, 2, 8, 2]

Iteration:  66
[4, 64, 4, 16]
[2, 8, 32, 4]
[4, 2, 32, 8]
[2, 8, 2, 2]

Iteration:  67
[4, 64, 4, 16]
[2, 8, 32, 4]
[4, 2, 32, 8]
[4, 2, 8, 4]

Iteration:  68
[4, 64, 4, 16]
[2, 8, 64, 4]
[8, 4, 8, 8]
[0, 0, 4, 4]

Iteration:  69
[4, 64, 4, 16]
[2, 8, 64, 4]
[8, 4, 8, 8]
[0, 0, 4, 4]

Iteration:  70
[4, 0, 4, 16]
[4, 64, 64, 4]
[2, 8, 8, 8]
[8, 4, 4, 4]

Iteration:  71
[8, 64, 4, 16]
[2, 8, 64, 4]
[8, 4, 8, 8]
[2, 0, 4, 4]

Iteration:  72
[8, 2, 4, 16]
[2, 64, 64, 4]
[8, 8, 8, 8]
[2, 4, 4, 4]

Iteration:  73
[8, 2, 4, 16]
[0, 2, 128, 4]
[2, 0, 16, 16]
[0, 2, 4, 8]

Iteration:  74
[2, 0, 4, 16]
[0, 0, 128, 4]
[8, 2, 16, 16]
[2, 4, 4, 8]

Iteration:  75
[0, 2, 4, 16]
[2, 0, 128, 4]
[0, 8, 2, 32]
[0, 2, 8, 8]

Iteration:  76
[2, 2, 4, 16]
[0, 8, 128, 4]
[0, 2, 2, 32]
[2, 0, 8, 8]

Iteration:  77
[4, 2, 4, 16]
[0, 8, 128, 4]
[0, 2, 2, 32]
[0, 2, 8, 8]

Iteration:  78
[4, 2, 4, 16]
[8, 128, 4, 0]
[4, 32, 0, 2]
[2, 16, 0, 0]

Iteration:  79
[4, 2, 4, 16]
[0, 8, 128, 4]
[4, 4, 32, 2]
[0, 0, 2, 16]

Iteration:  80
[4, 2, 4, 16]
[8, 128, 4, 0]
[8, 32, 2, 0]
[2, 16, 0, 4]

Iteration:  81
[4, 2, 4, 16]
[8, 128, 4, 4]
[8, 32, 2, 0]
[2, 16, 4, 0]

Iteration:  82
[4, 2, 8, 16]
[16, 128, 2, 4]
[2, 32, 4, 4]
[0, 16, 0, 0]

Iteration:  83
[4, 2, 8, 16]
[16, 128, 2, 8]
[2, 32, 4, 0]
[0, 16, 4, 0]

Iteration:  84
[4, 2, 8, 16]
[16, 128, 2, 8]
[2, 32, 8, 0]
[0, 16, 4, 0]

Iteration:  85
[4, 2, 8, 16]
[16, 128, 2, 8]
[2, 32, 8, 0]
[0, 16, 4, 0]

Iteration:  86
[4, 2, 8, 16]
[16, 128, 2, 8]
[4, 2, 32, 8]
[0, 0, 16, 4]

Iteration:  87
[4, 2, 8, 16]
[16, 128, 2, 16]
[4, 2, 32, 4]
[0, 0, 16, 2]

Iteration:  88
[4, 2, 8, 32]
[16, 128, 2, 4]
[4, 2, 32, 2]
[2, 0, 16, 0]

Iteration:  89
[4, 2, 8, 32]
[16, 128, 2, 4]
[4, 2, 32, 2]
[2, 0, 16, 0]

Iteration:  90
[4, 2, 8, 32]
[16, 128, 2, 4]
[4, 2, 32, 2]
[2, 0, 16, 0]

Iteration:  91
[4, 2, 8, 32]
[16, 128, 2, 4]
[4, 2, 32, 2]
[2, 0, 16, 0]

Iteration:  92
[4, 2, 8, 32]
[16, 128, 2, 4]
[4, 2, 32, 2]
[2, 0, 16, 0]

Iteration:  93
[4, 2, 8, 32]
[16, 128, 2, 4]
[4, 2, 32, 2]
[2, 0, 2, 16]

Iteration:  94
[4, 2, 8, 32]
[16, 2, 2, 4]
[4, 128, 32, 2]
[2, 2, 2, 16]

Iteration:  95
[4, 4, 8, 32]
[16, 128, 2, 4]
[4, 2, 32, 2]
[2, 4, 2, 16]

Iteration:  96
[4, 4, 8, 32]
[16, 128, 2, 4]
[4, 2, 32, 2]
[2, 4, 2, 16]

Iteration:  97
[4, 4, 8, 32]
[16, 128, 2, 4]
[4, 2, 32, 2]
[2, 4, 2, 16]

Iteration:  98
[4, 4, 8, 32]
[16, 128, 2, 4]
[4, 2, 32, 2]
[2, 4, 2, 16]

Iteration:  99
[16, 32, 2, 0]
[16, 128, 2, 4]
[4, 2, 32, 2]
[2, 4, 2, 16]

Iteration:  100
[0, 32, 2, 0]
[32, 128, 4, 4]
[4, 2, 32, 2]
[2, 4, 2, 16]

Iteration:  101
[32, 32, 2, 4]
[4, 128, 4, 2]
[2, 2, 32, 16]
[0, 4, 2, 2]

Iteration:  102
[32, 32, 2, 4]
[4, 128, 4, 2]
[2, 2, 32, 16]
[0, 4, 2, 2]

Iteration:  103
[32, 32, 2, 4]
[4, 128, 4, 2]
[2, 2, 32, 16]
[0, 4, 2, 2]

Iteration:  104
[32, 32, 2, 4]
[4, 128, 4, 2]
[2, 2, 32, 16]
[0, 4, 2, 2]

Iteration:  105
[4, 32, 2, 4]
[32, 128, 4, 2]
[4, 2, 32, 16]
[2, 4, 2, 2]

Iteration:  106
[4, 32, 2, 4]
[32, 128, 4, 2]
[4, 2, 32, 16]
[2, 4, 2, 2]

Iteration:  107
[4, 32, 2, 4]
[32, 128, 4, 2]
[4, 2, 32, 16]
[2, 4, 4, 4]

Iteration:  108
[4, 32, 2, 4]
[32, 128, 4, 2]
[4, 2, 32, 16]
[2, 4, 4, 4]

Iteration:  109
[4, 32, 2, 4]
[32, 128, 4, 2]
[4, 2, 32, 16]
[2, 4, 4, 4]

Iteration:  110
[4, 32, 2, 4]
[32, 128, 4, 2]
[4, 2, 32, 16]
[2, 4, 4, 4]

Iteration:  111
[4, 32, 2, 4]
[32, 128, 4, 2]
[4, 2, 32, 16]
[2, 4, 4, 4]

Iteration:  112
[4, 32, 2, 4]
[32, 128, 4, 2]
[4, 2, 32, 16]
[2, 4, 4, 4]

Iteration:  113
[4, 32, 2, 4]
[32, 128, 4, 2]
[4, 2, 32, 16]
[2, 4, 4, 4]

Iteration:  114
[4, 32, 2, 4]
[32, 128, 4, 2]
[4, 2, 32, 16]
[2, 4, 4, 4]

Iteration:  115
[4, 32, 2, 4]
[32, 128, 4, 2]
[4, 2, 32, 16]
[2, 4, 4, 4]

Iteration:  116
[4, 32, 2, 4]
[32, 128, 4, 2]
[4, 2, 32, 16]
[2, 4, 4, 4]

Iteration:  117
[4, 32, 2, 4]
[32, 128, 4, 2]
[4, 2, 32, 16]
[2, 2, 4, 8]

Iteration:  118
[4, 4, 2, 4]
[32, 32, 4, 2]
[4, 128, 32, 16]
[2, 4, 4, 8]

Iteration:  119
[4, 4, 2, 4]
[32, 32, 4, 2]
[4, 128, 32, 16]
[2, 4, 4, 8]

Iteration:  120
[8, 2, 4, 0]
[64, 4, 2, 0]
[4, 128, 32, 16]
[2, 16, 2, 0]

Iteration:  121
[0, 8, 2, 4]
[2, 64, 4, 2]
[4, 128, 32, 16]
[0, 2, 16, 2]

Iteration:  122
[2, 8, 2, 4]
[4, 64, 4, 2]
[0, 128, 32, 16]
[2, 2, 16, 2]

Iteration:  123
[2, 8, 2, 4]
[4, 64, 4, 2]
[2, 128, 32, 16]
[2, 2, 16, 2]

Iteration:  124
[2, 8, 2, 4]
[4, 64, 4, 2]
[4, 128, 32, 16]
[4, 2, 16, 2]

Iteration:  125
[2, 8, 2, 4]
[8, 64, 4, 2]
[4, 128, 32, 16]
[4, 2, 16, 2]

Iteration:  126
[2, 8, 2, 4]
[8, 64, 4, 2]
[8, 128, 32, 16]
[2, 2, 16, 2]

Iteration:  127
[2, 8, 2, 4]
[16, 64, 4, 2]
[2, 128, 32, 16]
[4, 2, 16, 2]

Max Square Value: 128
Total Square Sum: 304
Total Merge Score: 1204
Iteration:  0
[4, 0, 0, 0]
[0, 0, 0, 0]
[0, 0, 0, 0]
[0, 0, 0, 0]

Iteration:  1
[0, 0, 0, 4]
[2, 0, 0, 0]
[0, 0, 0, 0]
[0, 0, 0, 0]

Iteration:  2
[2, 0, 0, 4]
[4, 0, 0, 0]
[0, 0, 0, 0]
[0, 0, 0, 0]

Iteration:  3
[2, 4, 0, 4]
[4, 0, 0, 0]
[0, 0, 0, 0]
[0, 0, 0, 0]

Iteration:  4
[0, 0, 0, 0]
[0, 0, 0, 0]
[2, 2, 0, 0]
[4, 4, 0, 4]

Iteration:  5
[2, 2, 0, 4]
[4, 4, 0, 0]
[0, 2, 0, 0]
[0, 0, 0, 0]

Iteration:  6
[0, 0, 0, 0]
[0, 2, 0, 2]
[2, 4, 0, 0]
[4, 2, 0, 4]

Iteration:  7
[0, 0, 0, 0]
[0, 2, 0, 4]
[0, 0, 2, 4]
[0, 4, 2, 4]

Iteration:  8
[0, 2, 4, 8]
[4, 4, 0, 4]
[0, 0, 0, 0]
[0, 0, 0, 0]

Iteration:  9
[0, 0, 0, 0]
[0, 0, 0, 2]
[0, 2, 0, 8]
[4, 4, 4, 4]

Iteration:  10
[0, 0, 0, 0]
[2, 0, 0, 0]
[2, 8, 0, 0]
[8, 8, 4, 0]

Iteration:  11
[0, 0, 0, 0]
[0, 0, 0, 2]
[0, 0, 2, 8]
[0, 2, 16, 4]

Iteration:  12
[0, 2, 2, 2]
[0, 0, 16, 8]
[0, 0, 0, 4]
[4, 0, 0, 0]

Iteration:  13
[4, 2, 0, 0]
[16, 8, 0, 0]
[4, 0, 0, 0]
[4, 0, 0, 2]

Iteration:  14
[0, 0, 0, 2]
[4, 0, 0, 0]
[16, 2, 0, 0]
[8, 8, 0, 2]

Iteration:  15
[2, 0, 2, 0]
[4, 0, 0, 0]
[16, 2, 0, 0]
[16, 2, 0, 0]

Iteration:  16
[4, 4, 0, 0]
[4, 0, 0, 0]
[16, 2, 0, 0]
[16, 2, 0, 0]

Iteration:  17
[8, 4, 0, 0]
[32, 4, 0, 0]
[0, 0, 2, 0]
[0, 0, 0, 0]

Iteration:  18
[8, 8, 2, 4]
[32, 0, 0, 0]
[0, 0, 0, 0]
[0, 0, 0, 0]

Iteration:  19
[16, 2, 4, 0]
[32, 0, 0, 0]
[0, 0, 0, 0]
[0, 0, 2, 0]

Iteration:  20
[16, 2, 4, 0]
[32, 0, 2, 0]
[0, 2, 0, 0]
[0, 0, 0, 0]

Iteration:  21
[2, 0, 0, 0]
[0, 0, 0, 0]
[16, 0, 4, 0]
[32, 4, 2, 0]

Iteration:  22
[2, 0, 0, 2]
[0, 0, 0, 0]
[16, 4, 0, 0]
[32, 4, 2, 0]

Iteration:  23
[4, 0, 0, 0]
[2, 0, 0, 0]
[16, 0, 0, 0]
[32, 8, 2, 2]

Iteration:  24
[4, 8, 2, 2]
[2, 0, 0, 0]
[16, 0, 4, 0]
[32, 0, 0, 0]

Iteration:  25
[4, 8, 2, 2]
[2, 0, 4, 0]
[16, 0, 0, 4]
[32, 0, 0, 0]

Iteration:  26
[4, 2, 0, 0]
[2, 0, 0, 0]
[16, 0, 2, 2]
[32, 8, 4, 4]

Iteration:  27
[4, 2, 2, 2]
[2, 8, 4, 4]
[16, 0, 0, 0]
[32, 0, 4, 0]

Iteration:  28
[4, 0, 0, 0]
[2, 0, 0, 2]
[16, 2, 2, 2]
[32, 8, 8, 4]

Iteration:  29
[4, 2, 2, 8]
[2, 8, 8, 0]
[16, 0, 0, 0]
[32, 2, 0, 0]

Iteration:  30
[4, 2, 2, 8]
[2, 8, 8, 0]
[16, 2, 0, 0]
[32, 0, 0, 4]

Iteration:  31
[4, 4, 8, 0]
[2, 16, 0, 4]
[16, 2, 0, 0]
[32, 4, 0, 0]

Iteration:  32
[0, 0, 8, 8]
[0, 2, 16, 4]
[4, 0, 16, 2]
[0, 0, 32, 4]

Iteration:  33
[0, 4, 0, 8]
[0, 0, 8, 4]
[0, 0, 32, 2]
[4, 2, 32, 4]

Iteration:  34
[0, 0, 0, 8]
[4, 0, 0, 4]
[0, 4, 8, 2]
[4, 2, 64, 4]

Iteration:  35
[0, 4, 0, 8]
[0, 0, 0, 4]
[0, 4, 8, 2]
[8, 2, 64, 4]

Iteration:  36
[0, 0, 4, 8]
[0, 0, 0, 4]
[2, 4, 8, 2]
[8, 2, 64, 4]

Iteration:  37
[2, 4, 4, 8]
[8, 2, 8, 4]
[0, 0, 64, 2]
[0, 2, 0, 4]

Iteration:  38
[2, 4, 4, 8]
[8, 4, 8, 4]
[2, 0, 64, 2]
[0, 0, 0, 4]

Iteration:  39
[2, 16, 0, 0]
[8, 4, 8, 4]
[2, 64, 2, 2]
[4, 0, 0, 0]

Iteration:  40
[2, 16, 8, 4]
[8, 4, 2, 2]
[2, 64, 4, 0]
[4, 0, 0, 0]

Iteration:  41
[2, 16, 8, 4]
[8, 4, 4, 0]
[2, 64, 4, 0]
[4, 4, 0, 0]

Iteration:  42
[2, 16, 8, 4]
[0, 0, 0, 16]
[4, 2, 64, 4]
[0, 0, 0, 8]

Iteration:  43
[2, 0, 0, 4]
[0, 0, 0, 16]
[2, 16, 8, 4]
[4, 2, 64, 8]

Iteration:  44
[0, 0, 0, 4]
[2, 0, 0, 16]
[4, 16, 8, 4]
[4, 2, 64, 8]

Iteration:  45
[4, 0, 0, 0]
[2, 16, 2, 0]
[4, 16, 8, 4]
[4, 2, 64, 8]

Iteration:  46
[4, 32, 2, 4]
[2, 2, 8, 8]
[8, 0, 64, 0]
[2, 0, 0, 0]

Iteration:  47
[4, 32, 2, 4]
[4, 16, 0, 0]
[8, 64, 2, 0]
[2, 0, 0, 0]

Iteration:  48
[4, 32, 2, 4]
[0, 0, 4, 16]
[0, 8, 64, 2]
[2, 0, 0, 2]

Iteration:  49
[4, 32, 2, 4]
[4, 16, 0, 0]
[8, 64, 2, 0]
[4, 0, 4, 0]

Iteration:  50
[4, 32, 2, 4]
[4, 16, 0, 0]
[8, 64, 2, 0]
[8, 0, 0, 2]

Iteration:  51
[16, 32, 4, 4]
[8, 16, 0, 2]
[0, 64, 0, 0]
[0, 0, 0, 2]

Iteration:  52
[0, 0, 0, 0]
[0, 32, 0, 4]
[16, 16, 0, 0]
[8, 64, 4, 8]

Iteration:  53
[2, 0, 0, 0]
[0, 32, 0, 0]
[16, 16, 0, 4]
[8, 64, 4, 8]

Iteration:  54
[0, 4, 0, 0]
[2, 32, 0, 0]
[16, 16, 0, 4]
[8, 64, 4, 8]

Iteration:  55
[0, 0, 0, 4]
[0, 0, 2, 32]
[0, 4, 32, 4]
[8, 64, 4, 8]

Iteration:  56
[8, 4, 2, 4]
[2, 64, 32, 32]
[0, 0, 4, 4]
[0, 0, 0, 8]

Iteration:  57
[8, 4, 2, 4]
[2, 64, 64, 4]
[8, 0, 0, 0]
[8, 0, 0, 0]

Iteration:  58
[8, 4, 2, 8]
[2, 64, 64, 0]
[16, 0, 4, 0]
[0, 0, 0, 0]

Iteration:  59
[8, 4, 2, 8]
[2, 128, 0, 0]
[16, 4, 0, 0]
[0, 0, 0, 4]

Iteration:  60
[0, 0, 0, 0]
[8, 4, 0, 2]
[2, 128, 0, 8]
[16, 4, 2, 4]

Iteration:  61
[0, 2, 0, 0]
[8, 4, 2, 0]
[2, 128, 8, 0]
[16, 4, 2, 4]

Iteration:  62
[2, 4, 0, 0]
[8, 4, 2, 0]
[2, 128, 8, 0]
[16, 4, 2, 4]

Iteration:  63
[2, 0, 0, 4]
[8, 8, 2, 0]
[2, 128, 8, 0]
[16, 4, 2, 4]

Iteration:  64
[2, 0, 0, 0]
[8, 8, 2, 0]
[2, 128, 8, 4]
[16, 4, 2, 8]

Iteration:  65
[2, 8, 2, 4]
[8, 128, 8, 8]
[2, 4, 2, 0]
[16, 0, 0, 4]

Iteration:  66
[2, 8, 2, 4]
[0, 8, 128, 16]
[0, 2, 4, 2]
[2, 0, 16, 4]

Iteration:  67
[4, 16, 2, 4]
[0, 2, 128, 16]
[0, 0, 4, 2]
[4, 0, 16, 4]

Iteration:  68
[8, 16, 2, 4]
[0, 2, 128, 16]
[0, 0, 4, 2]
[4, 0, 16, 4]

Iteration:  69
[8, 16, 2, 4]
[2, 128, 16, 0]
[4, 2, 0, 2]
[4, 16, 4, 0]

Iteration:  70
[8, 16, 2, 4]
[2, 128, 16, 0]
[4, 4, 0, 0]
[4, 16, 4, 2]

Iteration:  71
[8, 16, 2, 4]
[2, 128, 16, 0]
[8, 0, 0, 2]
[4, 16, 4, 2]

Iteration:  72
[8, 16, 2, 4]
[2, 128, 16, 4]
[8, 16, 4, 0]
[4, 0, 0, 2]

Iteration:  73
[8, 16, 2, 4]
[2, 128, 16, 4]
[8, 16, 4, 0]
[4, 2, 0, 4]

Iteration:  74
[8, 16, 0, 2]
[2, 128, 2, 0]
[8, 16, 16, 4]
[4, 2, 4, 8]

Iteration:  75
[8, 16, 2, 2]
[2, 128, 16, 4]
[8, 16, 4, 8]
[4, 2, 0, 4]

Iteration:  76
[0, 8, 16, 4]
[2, 128, 16, 4]
[8, 16, 4, 8]
[4, 4, 2, 4]

Iteration:  77
[4, 8, 16, 4]
[2, 128, 16, 4]
[8, 16, 4, 8]
[0, 8, 2, 4]

Iteration:  78
[4, 8, 32, 16]
[2, 128, 4, 4]
[8, 16, 2, 0]
[2, 8, 0, 0]

Iteration:  79
[4, 8, 32, 16]
[2, 128, 8, 0]
[8, 16, 2, 0]
[2, 8, 2, 0]

Iteration:  80
[4, 8, 32, 16]
[2, 128, 8, 0]
[8, 16, 4, 0]
[2, 8, 4, 0]

Iteration:  81
[4, 8, 32, 16]
[2, 128, 8, 0]
[8, 16, 8, 2]
[2, 8, 0, 0]

Iteration:  82
[4, 8, 0, 0]
[2, 128, 0, 2]
[8, 16, 32, 16]
[2, 8, 16, 2]

Iteration:  83
[4, 8, 32, 2]
[2, 128, 16, 16]
[8, 16, 0, 2]
[2, 8, 0, 4]

Iteration:  84
[4, 8, 32, 2]
[2, 128, 32, 2]
[8, 16, 2, 0]
[2, 8, 4, 0]

Iteration:  85
[4, 8, 32, 2]
[2, 128, 32, 2]
[0, 8, 16, 2]
[2, 2, 8, 4]

Iteration:  86
[0, 8, 0, 0]
[0, 128, 64, 2]
[4, 8, 16, 4]
[8, 2, 8, 4]

Iteration:  87
[8, 0, 4, 0]
[128, 64, 2, 0]
[4, 8, 16, 4]
[8, 2, 8, 4]

Iteration:  88
[8, 4, 0, 0]
[128, 64, 2, 2]
[4, 8, 16, 4]
[8, 2, 8, 4]

Iteration:  89
[8, 4, 2, 2]
[128, 64, 16, 8]
[4, 8, 8, 0]
[8, 2, 4, 0]

Iteration:  90
[0, 0, 0, 16]
[128, 64, 16, 8]
[2, 0, 4, 16]
[0, 8, 2, 4]

Iteration:  91
[128, 64, 16, 16]
[2, 8, 4, 8]
[4, 0, 2, 16]
[0, 0, 0, 4]

Iteration:  92
[4, 0, 0, 16]
[128, 0, 16, 8]
[2, 64, 4, 16]
[4, 8, 2, 4]

Iteration:  93
[4, 16, 0, 0]
[128, 16, 8, 4]
[2, 64, 4, 16]
[4, 8, 2, 4]

Iteration:  94
[4, 32, 8, 4]
[128, 64, 4, 16]
[2, 8, 2, 4]
[4, 2, 0, 0]

Iteration:  95
[4, 32, 0, 2]
[128, 64, 8, 4]
[2, 8, 4, 16]
[4, 2, 2, 4]

Iteration:  96
[4, 4, 32, 2]
[128, 64, 8, 4]
[2, 8, 4, 16]
[0, 0, 8, 4]

Iteration:  97
[8, 32, 2, 0]
[128, 64, 8, 4]
[2, 8, 4, 16]
[8, 4, 0, 4]

Iteration:  98
[8, 32, 0, 4]
[128, 64, 2, 4]
[2, 8, 8, 16]
[8, 4, 4, 4]

Iteration:  99
[0, 8, 32, 4]
[128, 64, 2, 4]
[0, 2, 16, 16]
[2, 8, 4, 8]

Iteration:  100
[128, 8, 32, 8]
[2, 64, 2, 16]
[0, 2, 16, 8]
[0, 8, 4, 2]

Iteration:  101
[128, 8, 32, 8]
[2, 64, 2, 16]
[2, 16, 8, 2]
[8, 4, 2, 0]

Iteration:  102
[128, 8, 32, 8]
[4, 64, 2, 16]
[8, 16, 8, 2]
[0, 4, 2, 2]

Iteration:  103
[128, 8, 32, 8]
[4, 64, 2, 16]
[8, 16, 8, 4]
[2, 4, 2, 0]

Iteration:  104
[128, 8, 32, 4]
[4, 64, 2, 8]
[8, 16, 8, 16]
[2, 4, 2, 4]

Max Square Value: 128
Total Square Sum: 310
Total Merge Score: 1192
Iteration:  0
[4, 0, 0, 0]
[0, 0, 0, 0]
[0, 0, 0, 0]
[0, 0, 4, 0]

Iteration:  1
[0, 2, 0, 0]
[0, 0, 0, 0]
[0, 0, 0, 0]
[4, 0, 4, 0]

Iteration:  2
[4, 2, 4, 2]
[0, 0, 0, 0]
[0, 0, 0, 0]
[0, 0, 0, 0]

Iteration:  3
[0, 2, 0, 0]
[0, 0, 0, 0]
[0, 0, 0, 0]
[4, 2, 4, 2]

Iteration:  4
[0, 0, 4, 2]
[0, 0, 0, 0]
[0, 0, 0, 0]
[4, 2, 4, 2]

Iteration:  5
[4, 2, 2, 0]
[0, 0, 0, 0]
[0, 0, 0, 0]
[4, 2, 4, 2]

Iteration:  6
[4, 4, 0, 0]
[0, 0, 0, 0]
[0, 0, 4, 0]
[4, 2, 4, 2]

Iteration:  7
[0, 0, 0, 0]
[0, 0, 0, 0]
[0, 4, 0, 2]
[8, 2, 8, 2]

Iteration:  8
[0, 0, 0, 0]
[0, 2, 0, 0]
[0, 0, 4, 2]
[8, 2, 8, 2]

Iteration:  9
[0, 0, 0, 0]
[2, 0, 2, 0]
[4, 2, 0, 0]
[8, 2, 8, 2]

Iteration:  10
[0, 0, 0, 0]
[0, 2, 0, 4]
[0, 0, 4, 2]
[8, 2, 8, 2]

Iteration:  11
[8, 4, 4, 4]
[0, 0, 8, 4]
[0, 4, 0, 0]
[0, 0, 0, 0]

Iteration:  12
[0, 8, 4, 8]
[0, 0, 8, 4]
[0, 0, 0, 4]
[2, 0, 0, 0]

Iteration:  13
[8, 4, 8, 0]
[8, 4, 4, 0]
[4, 0, 0, 0]
[2, 0, 0, 0]

Iteration:  14
[8, 4, 8, 0]
[8, 8, 0, 0]
[4, 0, 0, 0]
[2, 0, 0, 4]

Iteration:  15
[8, 4, 8, 0]
[16, 0, 0, 4]
[4, 0, 0, 0]
[2, 4, 0, 0]

Iteration:  16
[8, 4, 8, 0]
[16, 4, 0, 0]
[4, 0, 0, 2]
[2, 4, 0, 0]

Iteration:  17
[8, 8, 8, 2]
[16, 4, 0, 2]
[4, 0, 0, 0]
[2, 0, 0, 0]

Iteration:  18
[8, 0, 0, 0]
[16, 0, 4, 0]
[4, 8, 0, 0]
[2, 4, 8, 4]

Iteration:  19
[8, 8, 4, 4]
[16, 4, 8, 0]
[4, 0, 0, 0]
[2, 0, 2, 0]

Iteration:  20
[16, 8, 0, 0]
[16, 4, 8, 0]
[4, 0, 0, 4]
[4, 0, 0, 0]

Iteration:  21
[0, 4, 16, 8]
[0, 16, 4, 8]
[0, 0, 0, 8]
[0, 0, 0, 4]

Iteration:  22
[0, 4, 16, 16]
[2, 16, 4, 8]
[0, 0, 0, 4]
[0, 0, 0, 0]

Iteration:  23
[2, 4, 16, 16]
[0, 16, 4, 8]
[0, 0, 4, 4]
[0, 0, 0, 0]

Iteration:  24
[2, 4, 32, 0]
[16, 4, 8, 0]
[8, 0, 0, 0]
[0, 0, 0, 4]

Iteration:  25
[2, 8, 32, 4]
[16, 4, 8, 0]
[8, 0, 0, 0]
[0, 0, 0, 0]

Iteration:  26
[0, 0, 0, 0]
[2, 0, 0, 2]
[16, 8, 32, 0]
[8, 4, 8, 4]

Iteration:  27
[0, 0, 0, 0]
[4, 0, 0, 0]
[16, 8, 32, 4]
[8, 4, 8, 4]

Iteration:  28
[4, 8, 32, 8]
[16, 4, 8, 0]
[8, 0, 0, 0]
[0, 2, 0, 0]

Iteration:  29
[4, 8, 32, 8]
[16, 4, 8, 4]
[8, 2, 0, 0]
[0, 0, 0, 0]

Iteration:  30
[0, 0, 2, 0]
[4, 8, 0, 0]
[16, 4, 32, 8]
[8, 2, 8, 4]

Iteration:  31
[4, 0, 0, 0]
[4, 8, 2, 0]
[16, 4, 32, 8]
[8, 2, 8, 4]

Iteration:  32
[0, 0, 2, 0]
[8, 8, 2, 0]
[16, 4, 32, 8]
[8, 2, 8, 4]

Iteration:  33
[8, 8, 4, 8]
[16, 4, 32, 4]
[8, 2, 8, 0]
[0, 0, 0, 4]

Iteration:  34
[0, 16, 4, 8]
[16, 4, 32, 4]
[0, 8, 2, 8]
[0, 4, 0, 4]

Iteration:  35
[0, 16, 4, 8]
[16, 4, 32, 4]
[0, 8, 2, 8]
[0, 0, 4, 8]

Iteration:  36
[16, 4, 8, 2]
[16, 4, 32, 4]
[8, 2, 8, 0]
[4, 8, 0, 0]

Iteration:  37
[16, 4, 8, 2]
[16, 4, 32, 4]
[4, 8, 2, 8]
[0, 0, 4, 8]

Iteration:  38
[16, 4, 8, 2]
[16, 4, 32, 4]
[4, 8, 2, 8]
[4, 8, 0, 4]

Iteration:  39
[16, 4, 8, 2]
[16, 4, 32, 4]
[4, 8, 2, 8]
[4, 8, 4, 4]

Iteration:  40
[32, 16, 8, 2]
[8, 8, 32, 4]
[2, 0, 2, 8]
[0, 0, 4, 4]

Iteration:  41
[32, 16, 8, 2]
[16, 32, 4, 0]
[4, 8, 0, 4]
[8, 0, 0, 0]

Iteration:  42
[32, 16, 8, 2]
[0, 16, 32, 4]
[2, 4, 8, 4]
[0, 0, 0, 8]

Iteration:  43
[32, 16, 8, 2]
[16, 32, 4, 0]
[2, 4, 8, 4]
[8, 2, 0, 0]

Iteration:  44
[32, 16, 0, 4]
[16, 32, 8, 0]
[2, 4, 4, 2]
[8, 2, 8, 4]

Iteration:  45
[32, 16, 8, 4]
[16, 32, 4, 2]
[2, 4, 8, 4]
[8, 2, 0, 4]

Iteration:  46
[32, 16, 8, 4]
[16, 32, 4, 2]
[2, 4, 8, 4]
[8, 2, 4, 4]

Iteration:  47
[32, 16, 8, 4]
[16, 32, 4, 2]
[2, 4, 8, 8]
[8, 2, 4, 4]

Iteration:  48
[32, 16, 8, 4]
[16, 32, 4, 2]
[2, 4, 16, 0]
[8, 2, 8, 2]

Iteration:  49
[32, 16, 8, 4]
[16, 32, 4, 2]
[4, 2, 4, 16]
[8, 2, 8, 2]

Iteration:  50
[32, 0, 2, 4]
[16, 16, 0, 2]
[4, 32, 16, 16]
[8, 4, 8, 2]

Iteration:  51
[32, 16, 2, 4]
[16, 32, 16, 2]
[4, 4, 8, 16]
[8, 0, 2, 2]

Iteration:  52
[32, 2, 2, 4]
[16, 16, 16, 2]
[4, 32, 8, 16]
[8, 4, 2, 2]

Iteration:  53
[32, 8, 0, 0]
[32, 16, 2, 0]
[4, 32, 8, 16]
[8, 4, 4, 2]

Iteration:  54
[64, 8, 2, 16]
[4, 16, 8, 2]
[8, 32, 4, 4]
[0, 4, 0, 0]

Iteration:  55
[0, 8, 2, 0]
[64, 16, 2, 16]
[4, 32, 8, 2]
[8, 4, 4, 4]

Iteration:  56
[2, 0, 8, 2]
[64, 16, 2, 16]
[4, 32, 8, 2]
[0, 8, 4, 8]

Iteration:  57
[2, 0, 8, 2]
[2, 16, 2, 16]
[64, 32, 8, 2]
[4, 8, 4, 8]

Iteration:  58
[4, 16, 8, 2]
[64, 32, 2, 16]
[4, 8, 8, 2]
[2, 0, 4, 8]

Iteration:  59
[4, 16, 8, 2]
[64, 32, 2, 16]
[0, 4, 16, 2]
[4, 2, 4, 8]

Iteration:  60
[4, 16, 8, 2]
[64, 32, 2, 16]
[4, 16, 2, 4]
[4, 2, 4, 8]

Iteration:  61
[4, 16, 8, 2]
[64, 32, 8, 16]
[8, 16, 0, 4]
[0, 2, 4, 8]

Iteration:  62
[4, 16, 8, 2]
[64, 32, 8, 16]
[0, 8, 16, 4]
[4, 2, 4, 8]

Iteration:  63
[4, 16, 32, 2]
[64, 32, 4, 16]
[4, 8, 0, 4]
[0, 2, 4, 8]

Iteration:  64
[4, 16, 32, 2]
[64, 32, 4, 16]
[0, 4, 8, 4]
[4, 2, 4, 8]

Iteration:  65
[4, 16, 32, 2]
[64, 32, 4, 16]
[4, 4, 8, 4]
[2, 2, 4, 8]

Iteration:  66
[4, 16, 32, 2]
[64, 32, 4, 16]
[16, 4, 0, 4]
[16, 0, 0, 0]

Iteration:  67
[4, 16, 32, 2]
[64, 32, 4, 16]
[16, 8, 0, 2]
[16, 0, 0, 0]

Iteration:  68
[4, 16, 32, 2]
[64, 32, 4, 16]
[16, 8, 2, 4]
[16, 0, 0, 0]

Iteration:  69
[0, 0, 0, 4]
[4, 16, 32, 2]
[64, 32, 4, 16]
[32, 8, 2, 4]

Iteration:  70
[4, 16, 32, 4]
[64, 32, 4, 2]
[32, 8, 2, 16]
[2, 0, 0, 4]

Iteration:  71
[4, 0, 4, 4]
[64, 16, 32, 2]
[32, 32, 4, 16]
[2, 8, 2, 4]

Iteration:  72
[8, 4, 0, 2]
[64, 16, 32, 2]
[64, 4, 16, 0]
[2, 8, 2, 4]

Iteration:  73
[0, 4, 0, 4]
[8, 16, 32, 0]
[128, 4, 16, 4]
[2, 8, 2, 4]

Iteration:  74
[2, 0, 0, 8]
[0, 8, 16, 32]
[128, 4, 16, 4]
[2, 8, 2, 4]

Iteration:  75
[2, 8, 32, 8]
[128, 4, 2, 32]
[2, 8, 0, 8]
[0, 4, 0, 0]

Iteration:  76
[2, 8, 32, 8]
[128, 4, 2, 32]
[2, 16, 4, 0]
[4, 0, 0, 0]

Iteration:  77
[2, 0, 0, 0]
[128, 8, 32, 2]
[2, 4, 2, 8]
[4, 16, 4, 32]

Iteration:  78
[4, 0, 0, 2]
[128, 8, 32, 2]
[2, 4, 2, 8]
[4, 16, 4, 32]

Iteration:  79
[0, 2, 4, 2]
[128, 8, 32, 2]
[2, 4, 2, 8]
[4, 16, 4, 32]

Iteration:  80
[128, 2, 4, 4]
[2, 8, 32, 8]
[4, 4, 2, 32]
[4, 16, 4, 0]

Iteration:  81
[128, 2, 4, 4]
[2, 8, 32, 8]
[8, 4, 2, 32]
[0, 16, 4, 2]

Iteration:  82
[128, 2, 8, 2]
[2, 8, 32, 8]
[8, 4, 2, 32]
[16, 4, 2, 0]

Iteration:  83
[128, 2, 8, 2]
[2, 8, 32, 8]
[8, 4, 2, 32]
[4, 16, 4, 2]

Max Square Value: 128
Total Square Sum: 262
Total Merge Score: 964
Iteration:  0
[0, 0, 0, 2]
[0, 0, 2, 0]
[0, 0, 0, 0]
[0, 0, 0, 0]

Iteration:  1
[0, 0, 0, 2]
[0, 2, 0, 2]
[0, 0, 0, 0]
[0, 0, 0, 0]

Iteration:  2
[2, 2, 0, 4]
[0, 0, 0, 0]
[0, 0, 0, 0]
[0, 0, 0, 0]

Iteration:  3
[8, 0, 0, 0]
[0, 0, 0, 0]
[0, 0, 2, 0]
[0, 0, 0, 0]

Iteration:  4
[0, 0, 0, 4]
[0, 0, 0, 0]
[0, 0, 0, 0]
[8, 0, 2, 0]

Iteration:  5
[8, 0, 2, 4]
[0, 0, 0, 2]
[0, 0, 0, 0]
[0, 0, 0, 0]

Iteration:  6
[8, 2, 4, 0]
[2, 0, 0, 0]
[0, 4, 0, 0]
[0, 0, 0, 0]

Iteration:  7
[8, 2, 4, 0]
[2, 4, 0, 0]
[0, 0, 4, 0]
[0, 0, 0, 0]

Iteration:  8
[8, 2, 4, 0]
[2, 4, 0, 0]
[4, 0, 0, 0]
[0, 0, 4, 0]

Iteration:  9
[8, 2, 4, 0]
[2, 4, 0, 2]
[4, 0, 0, 0]
[4, 0, 0, 0]

Iteration:  10
[8, 2, 4, 0]
[2, 4, 2, 0]
[4, 0, 0, 0]
[4, 2, 0, 0]

Iteration:  11
[0, 0, 0, 0]
[8, 2, 4, 0]
[2, 4, 4, 0]
[8, 2, 2, 0]

Iteration:  12
[0, 0, 0, 4]
[8, 2, 4, 0]
[2, 8, 0, 0]
[8, 4, 0, 0]

Iteration:  13
[4, 0, 0, 0]
[8, 2, 4, 2]
[2, 8, 0, 0]
[8, 4, 0, 0]

Iteration:  14
[4, 2, 4, 2]
[8, 8, 0, 0]
[2, 4, 0, 4]
[8, 0, 0, 0]

Iteration:  15
[4, 2, 4, 2]
[0, 0, 0, 16]
[2, 0, 2, 8]
[0, 0, 0, 8]

Iteration:  16
[0, 4, 0, 0]
[0, 0, 0, 0]
[4, 0, 4, 2]
[2, 2, 2, 32]

Iteration:  17
[4, 0, 0, 0]
[0, 0, 0, 0]
[8, 2, 4, 0]
[4, 2, 32, 0]

Iteration:  18
[4, 4, 4, 0]
[8, 0, 32, 0]
[4, 2, 0, 0]
[0, 0, 0, 0]

Iteration:  19
[4, 4, 4, 2]
[8, 2, 32, 0]
[4, 0, 0, 0]
[0, 0, 0, 0]

Iteration:  20
[0, 4, 8, 2]
[0, 8, 2, 32]
[0, 0, 0, 4]
[0, 0, 2, 0]

Iteration:  21
[0, 4, 8, 2]
[0, 8, 4, 32]
[4, 0, 0, 4]
[0, 0, 0, 0]

Iteration:  22
[0, 4, 8, 2]
[0, 8, 4, 32]
[4, 0, 0, 8]
[0, 0, 0, 0]

Iteration:  23
[4, 8, 2, 0]
[8, 4, 32, 2]
[4, 8, 0, 0]
[0, 0, 0, 0]

Iteration:  24
[4, 8, 2, 2]
[8, 4, 32, 0]
[4, 8, 0, 0]
[0, 0, 2, 0]

Iteration:  25
[0, 4, 8, 4]
[0, 8, 4, 32]
[0, 4, 4, 8]
[0, 0, 0, 2]

Iteration:  26
[4, 8, 4, 0]
[8, 4, 32, 0]
[16, 0, 0, 2]
[2, 0, 0, 0]

Iteration:  27
[0, 4, 8, 4]
[0, 8, 4, 32]
[0, 0, 16, 2]
[4, 0, 0, 2]

Iteration:  28
[0, 4, 8, 4]
[0, 8, 4, 32]
[0, 4, 16, 2]
[0, 0, 4, 2]

Iteration:  29
